5206  4
884 707 675 861
884 861 675 725
512 1039 856 1030
911 766 575 738
1026 521 679 1025
727 814 550 858
766 1019 718 738
867 696 557 533
1012 678 769 754
766 1021 769 716
954 882 790 789
884 725 675 860
1025 858 969 727
769 1021 717 716
898 565 651 866
825 1021 547 731
868 577 515 679
550 1025 521 727
868 679 515 858
908 529 170 652
962 754 797 896
951 538 712 722
951 722 712 862
688 102 132 1077
881 1075 730 581
378 1075 545 854
854 1076 581 881
754 962 797 958
950 901 940 945
378 1081 387 854
689 1081 609 847
895 1012 754 863
971 727 814 725
484 819 757 852
911 570 575 739
921 825 755 876
575 1034 738 570
824 1020 872 496
1001 1032 973 772
914 1027 1025 749
874 524 586 809
449 1068 667 437
1071 450 437 448
450 1071 667 719
719 1071 864 807
929 835 668 935
929 767 555 768
858 971 814 984
919 773 564 757
919 757 564 852
894 641 539 746
852 757 711 862
888 640 687 520
904 853 520 798
851 392 381 610
851 557 392 610
409 1083 426 557
851 392 557 764
851 381 127 610
764 409 426 405
968 879 876 979
968 876 921 979
968 1025 775 749
746 868 882 942
868 746 882 1000
1102 207 774 608
1032 1050 650 604
897 1032 772 604
952 936 844 920
976 999 846 946
739 1018 932 570
895 731 725 860
884 560 707 813
958 867 797 795
919 672 885 852
765 576 646 631
477 779 904 955
477 904 798 933
804 502 701 787
804 585 502 787
1018 979 844 924
819 484 757 949
882 868 953 942
901 1076 881 808
916 459 95 684
385 1075 581 378
868 882 953 1000
923 734 507 810
844 1018 924 713
1032 1033 924 604
872 723 824 879
477 951 904 933
878 646 761 823
908 170 671 652
405 1083 764 552
867 1083 813 855
677 1086 395 1084
938 1011 815 859
908 1011 815 546
823 761 621 646
896 621 558 797
958 884 867 795
539 1011 859 515
390 1092 556 347
958 1084 795 769
464 31 562 117
790 681 927 500
681 790 927 524
790 193 681 500
783 350 418 643
783 797 600 643
797 1086 696 783
488 288 307 263
783 797 643 533
783 533 696 797
865 667 596 753
865 596 553 753
865 562 449 753
865 449 667 753
967 835 758 917
871 742 553 840
871 840 553 865
1016 1036 921 749
995 1016 969 749
1033 1051 531 924
858 1025 969 775
954 983 937 981
979 1032 924 1018
874 927 790 524
575 716 678 270
31 464 562 458
920 844 531 745
586 1023 970 809
1023 1026 914 586
686 1105 831 830
927 874 790 942
686 1105 830 346
930 573 674 799
830 499 680 757
968 925 970 914
919 656 564 744
1081 689 609 387
609 1081 387 658
847 489 658 801
854 1081 801 545
847 658 609 838
847 1079 609 689
954 981 828 983
961 975 802 937
937 503 803 804
937 803 503 832
802 503 584 682
991 828 910 873
716 575 678 766
795 797 600 783
859 546 539 776
968 760 876 879
984 814 529 815
796 1096 821 556
484 885 852 919
938 534 546 786
972 931 779 899
796 1096 556 638
791 469 465 464
507 1030 810 493
837 582 838 751
507 1030 817 923
859 1010 947 928
469 791 465 535
1014 879 968 979
528 785 644 517
426 813 424 560
489 376 216 377
489 216 376 490
566 1039 567 580
968 749 760 914
728 536 794 829
562 31 103 117
939 511 331 744
490 251 216 226
939 331 525 744
999 777 479 944
525 331 335 328
186 710 746 641
968 760 879 914
31 562 103 458
484 919 770 885
915 1029 676 820
556 1095 664 622
1096 390 1092 556
953 868 947 982
933 538 527 786
938 546 534 815
816 1096 796 638
821 556 798 796
877 695 537 863
926 841 551 812
842 1065 791 693
926 644 551 841
926 842 644 841
376 216 11 58
613 1065 740 841
97 7 753 103
535 1065 740 561
857 579 673 625
492 316 113 626
253 583 659 870
888 904 640 520
888 520 687 765
774 1103 888 771
774 576 631 207
774 1103 608 888
491 252 277 278
1103 774 608 639
933 776 538 786
888 687 608 631
490 397 369 376
888 631 608 774
919 564 773 744
763 618 563 505
728 794 526 743
492 113 143 99
886 715 767 492
802 832 503 682
488 583 659 263
961 930 747 931
493 422 425 410
981 832 806 829
981 829 806 728
988 838 751 837
801 837 658 847
801 658 837 784
494 175 185 156
976 946 846 952
492 99 143 715
844 1028 745 920
495 196 192 199
997 1020 872 723
644 494 551 156
628 1013 925 872
735 491 846 784
837 1039 493 1030
693 463 110 691
989 738 911 932
207 1102 222 608
1101 48 49 338
483 1019 738 825
490 397 376 420
867 797 696 533
884 1089 861 813
830 1104 862 686
774 256 282 207
799 480 747 931
376 11 216 377
974 523 522 803
974 1006 957 803
974 957 794 803
478 635 205 793
896 558 754 797
567 410 490 493
477 990 878 955
148 665 115 1047
878 765 646 823
896 823 621 797
488 263 278 288
938 786 546 776
938 534 786 821
926 732 517 785
939 331 333 335
715 886 767 836
857 729 579 625
729 615 987 940
580 251 490 226
763 828 618 505
483 766 911 738
885 656 690 632
939 744 773 511
927 500 698 910
789 773 563 763
789 763 505 828
740 613 615 669
740 669 615 729
766 483 911 863
479 1003 548 893
479 732 812 926
916 714 663 446
251 580 490 784
778 466 455 714
778 612 466 714
494 98 185 175
822 278 277 290
778 597 467 471
778 762 597 471
778 673 597 762
778 762 540 673
802 682 584 806
802 832 682 806
937 832 503 802
913 828 728 733
975 502 674 802
925 968 970 985
979 844 924 952
1024 628 966 907
988 751 838 918
945 940 812 901
946 606 827 848
946 606 614 822
521 1027 633 629
882 1007 485 961
945 940 926 812
963 843 732 909
923 817 507 734
978 683 836 891
963 977 912 889
891 683 649 748
909 912 726 945
840 553 596 742
684 736 612 535
929 555 767 807
961 1007 937 983
929 599 555 807
782 1072 835 595
943 940 926 945
492 325 113 316
610 1096 638 654
504 164 187 172
438 1070 595 782
975 1007 961 485
554 1070 782 835
1070 647 554 782
792 663 438 446
476 849 818 805
916 663 714 781
935 1068 668 864
256 774 282 607
1057 226 233 252
498 203 147 137
486 1007 975 485
500 182 166 176
167 633 666 144
663 792 438 668
500 166 168 176
484 770 930 899
1011 858 984 859
929 668 599 807
892 960 956 476
873 504 836 886
492 310 325 316
479 999 976 998
965 978 935 967
226 1057 251 252
822 614 278 290
147 1073 137 114
857 510 579 839
857 579 729 839
857 726 510 839
840 596 553 865
505 176 168 159
225 224 78 1067
840 864 596 667
935 663 781 835
502 204 283 304
736 1060 781 612
492 325 310 516
996 598 615 841
736 684 612 916
1058 1060 740 612
240 1061 217 540
723 666 578 496
922 736 740 612
922 736 842 740
500 168 166 618
996 615 598 881
193 790 681 524
507 413 425 411
733 617 516 616
886 715 504 836
489 420 376 377
840 667 596 865
940 943 926 987
978 767 498 864
993 726 857 943
476 1005 892 903
840 596 864 742
994 957 902 768
482 805 818 910
909 726 943 945
477 823 798 765
885 632 690 741
502 585 204 304
885 672 632 741
482 818 805 476
482 476 805 986
859 539 515 868
868 776 859 894
859 515 858 868
938 534 816 815
504 649 187 698
492 555 316 626
896 761 621 823
492 143 113 126
487 798 823 796
884 560 813 867
565 413 412 429
956 805 476 986
789 563 505 763
819 862 712 830
819 712 680 830
819 830 757 862
503 292 283 271
819 680 757 830
938 816 534 821
505 618 168 500
884 795 560 867
962 890 816 867
776 1011 859 546
735 1057 784 580
1013 496 824 872
944 846 659 784
776 1010 859 928
977 849 476 889
913 733 728 939
1000 894 949 972
477 878 823 765
871 785 528 742
488 288 278 614
503 271 283 264
916 714 612 781
682 503 584 264
509 204 303 298
916 781 612 736
929 599 668 834
735 784 837 490
900 781 554 835
900 554 758 835
917 756 635 758
929 668 835 834
976 846 941 952
988 918 838 944
501 191 171 157
988 1022 734 751
780 730 729 541
1022 496 811 1020
988 838 837 944
978 498 683 748
502 509 204 585
492 617 143 126
903 800 827 724
478 205 254 793
486 973 905 485
917 833 768 834
978 883 498 748
871 840 785 742
946 614 606 848
971 725 814 895
760 723 565 817
971 858 727 969
994 768 917 957
499 336 435 343
916 865 684 792
967 917 758 903
514 306 294 284
930 799 674 747
899 607 573 799
887 770 802 930
771 607 779 774
771 741 607 774
513 285 306 298
513 298 306 514
790 828 505 500
884 814 855 861
814 884 855 890
517 175 98 494
897 497 606 787
535 454 465 469
772 787 585 804
671 557 851 610
927 698 681 805
530 112 30 351
927 910 698 805
950 918 838 901
883 864 498 742
995 727 749 969
944 784 659 801
777 659 583 801
563 710 680 1008
614 1002 488 848
777 614 846 848
791 535 469 561
730 780 729 587
791 464 693 561
959 840 935 883
959 840 785 871
513 514 509 298
684 1064 736 535
535 1065 561 1064
563 159 150 133
562 1064 791 871
784 846 659 491
979 932 755 921
936 876 817 879
521 1026 679 586
515 184 177 195
513 514 306 537
897 946 606 827
897 604 606 946
785 528 644 842
954 981 887 913
557 671 851 764
956 875 850 805
522 279 297 276
742 171 134 157
826 559 705 530
826 705 559 861
906 861 652 814
826 559 552 861
826 552 652 861
514 294 306 537
515 546 184 195
933 1092 527 853
508 310 332 311
365 213 15 63
948 796 816 821
776 1011 938 859
948 798 796 821
7 97 753 442
746 789 710 790
543 274 281 273
502 283 204 674
986 927 805 910
780 645 730 541
112 1047 138 115
236 593 636 326
482 986 960 476
894 868 539 859
645 780 730 587
480 514 747 964
510 272 307 274
409 1083 557 764
972 779 771 899
888 765 687 631
888 631 576 765
630 508 311 536
888 576 631 774
985 875 966 956
485 882 747 953
939 919 773 744
514 594 294 537
509 284 204 298
939 744 525 919
480 953 747 1000
939 763 511 773
991 794 832 829
509 204 284 674
508 311 329 310
944 837 784 801
999 726 848 912
918 950 838 944
942 1007 882 983
870 253 251 659
520 19 389 347
998 869 850 907
765 687 389 520
604 772 787 585
979 755 876 921
177 1043 179 162
524 189 190 193
563 133 150 709
1016 738 483 989
480 747 931 1000
508 310 329 516
883 742 498 748
918 751 752 811
944 735 784 837
963 889 869 977
985 1023 875 970
517 175 171 98
936 856 866 844
892 827 497 724
753 7 35 103
999 945 726 912
512 1039 1030 493
844 1031 920 531
936 844 866 876
585 304 303 204
905 1014 985 973
143 715 886 492
998 907 850 966
999 1002 848 726
945 1002 726 777
800 1005 481 903
7 753 35 442
899 1009 931 779
487 990 798 948
894 539 776 859
515 188 195 177
973 932 934 772
1008 641 746 710
694 615 470 462
936 920 856 844
511 323 616 333
937 502 503 804
565 425 413 429
530 30 349 351
772 604 787 897
982 858 868 947
887 919 789 913
934 509 513 747
537 294 306 286
502 503 283 674
975 937 502 802
934 1018 739 650
947 859 858 868
536 334 311 330
1005 912 977 889
529 184 170 160
911 739 513 934
934 513 509 739
725 705 675 706
715 143 886 504
909 843 785 883
871 553 562 865
996 808 598 841
323 511 616 627
735 944 784 846
935 865 792 840
931 747 799 930
973 934 932 989
492 126 113 325
944 941 735 837
941 944 735 846
484 954 887 789
536 334 335 311
873 828 549 733
44 106 316 9
525 328 320 331
477 951 933 955
516 310 329 325
511 331 315 323
964 513 747 934
921 1034 755 738
483 1036 995 825
532 341 368 46
1093 105 46 119
921 1034 932 755
575 1034 911 738
1018 934 739 932
932 739 570 911
517 98 171 501
978 767 864 929
874 1026 775 970
905 1007 927 986
517 501 171 528
929 917 834 835
967 994 917 903
533 423 418 430
917 756 758 724
511 150 131 123
476 1006 903 892
628 992 872 997
895 980 984 971
984 895 814 890
963 732 869 893
987 1065 842 841
987 841 842 926
1057 735 784 491
846 1028 491 735
844 1028 856 745
1093 136 105 119
531 1033 822 604
1031 952 844 920
1001 924 952 979
888 779 576 774
543 1002 510 726
878 888 576 765
878 779 576 888
888 798 520 765
888 520 798 904
616 516 325 617
824 1040 167 496
515 679 188 177
505 1008 789 710
992 506 496 811
895 984 814 971
509 674 975 502
539 195 186 173
530 518 351 705
914 1027 749 633
593 236 636 704
923 1022 751 734
858 1011 529 515
789 1008 757 949
491 1039 1028 745
479 945 732 926
846 1028 941 920
657 273 758 269
484 919 789 887
1028 846 491 920
940 729 839 857
987 1058 740 729
512 414 425 429
871 562 553 791
506 163 178 165
1002 839 510 726
943 736 842 922
479 926 812 945
938 948 816 821
532 347 368 341
999 946 912 848
537 286 306 299
884 890 814 895
273 657 758 554
657 250 273 269
484 899 852 885
484 885 770 899
390 1092 347 532
484 899 930 931
520 347 532 702
520 391 19 367
870 801 544 583
538 174 136 173
870 583 659 801
971 947 858 969
971 858 947 984
1016 995 483 921
989 932 911 934
989 964 863 947
250 657 273 554
484 972 899 931
616 329 325 516
484 972 852 899
951 862 853 722
1005 897 956 892
885 770 656 919
972 949 819 894
682 264 584 704
972 852 862 819
956 986 476 960
724 296 590 497
757 1008 563 680
528 201 171 154
882 949 746 789
209 16 94 455
1014 1032 1001 979
970 586 809 874
644 785 926 517
962 796 816 948
962 948 816 890
477 955 904 951
477 888 765 798
477 765 888 878
989 953 964 947
532 390 368 347
531 1033 924 1031
534 142 135 158
990 750 877 878
937 503 502 802
786 534 546 158
873 818 504 910
873 504 549 910
1063 154 117 1062
523 271 249 276
906 725 814 727
873 549 504 886
991 829 832 981
991 728 794 829
929 768 834 917
1007 942 882 485
746 1008 710 789
1007 905 942 485
980 776 859 928
513 295 306 285
740 841 615 613
962 823 797 796
542 431 394 428
487 948 798 796
641 1008 746 949
542 428 394 706
727 550 720 629
563 168 150 159
980 859 947 928
964 911 513 934
885 771 852 672
885 1099 771 672
899 799 573 930
209 444 94 16
905 1007 486 485
773 1008 757 789
484 789 882 954
899 885 741 771
938 815 816 948
933 786 527 821
487 823 761 896
990 877 750 928
791 693 528 842
933 798 853 904
44 113 316 106
980 947 859 984
933 821 798 948
886 504 164 549
486 975 772 485
561 1064 791 535
500 828 927 790
729 579 625 541
485 942 982 905
897 1032 1001 772
507 1022 810 734
846 1031 822 920
846 1031 952 946
506 1024 1013 605
966 925 850 875
804 1007 975 486
946 848 827 912
482 805 910 986
530 112 351 518
984 859 858 947
951 722 853 933
489 376 420 490
530 349 30 108
530 108 30 112
962 797 823 896
559 349 400 416
487 761 823 878
980 859 776 938
980 776 948 938
743 526 516 508
1007 905 486 986
336 1100 499 435
1100 564 757 711
565 413 425 507
513 306 295 537
547 396 431 428
898 542 602 820
486 485 772 973
785 644 926 842
870 659 251 784
483 1019 766 738
845 1019 697 737
870 216 251 253
583 206 238 280
730 581 645 587
932 911 934 739
979 755 844 876
1018 755 979 932
547 401 396 428
561 693 463 460
892 803 701 804
533 430 418 696
998 850 869 889
518 705 384 351
945 777 726 839
906 814 720 727
828 500 927 910
568 373 396 383
987 940 857 729
526 939 616 333
728 526 592 939
967 835 935 900
541 229 206 625
11 1078 216 377
908 855 652 671
541 229 238 206
908 855 671 816
908 671 534 816
908 529 652 814
908 815 529 814
512 425 414 493
908 814 652 855
732 517 648 494
541 206 238 583
545 387 377 378
908 815 816 534
743 508 516 788
986 927 910 983
526 329 311 335
592 335 334 328
800 1005 903 827
992 1022 751 811
521 1045 633 169
733 526 939 616
944 801 659 777
950 730 854 801
992 811 751 918
479 812 918 901
857 1060 762 880
463 20 5 110
548 185 178 163
733 939 526 728
733 763 627 939
733 627 616 939
967 758 835 900
335 525 592 939
552 354 36 352
959 785 883 909
959 736 781 935
548 163 178 506
763 939 511 627
978 864 498 883
883 864 840 935
331 525 335 939
514 306 284 298
951 538 722 933
913 828 763 789
511 616 939 333
616 511 939 627
905 982 775 874
913 728 806 939
240 1061 540 261
553 103 134 201
479 945 812 901
504 187 197 172
540 209 455 217
944 659 846 777
614 1002 777 488
540 217 240 209
1017 976 941 952
628 966 907 998
628 998 952 966
484 972 949 819
484 819 852 972
540 274 240 261
997 723 817 734
451 612 535 454
973 1018 932 772
976 1003 988 893
612 451 535 740
628 976 952 998
562 458 465 97
510 274 307 281
504 197 187 649
966 897 827 946
546 184 195 173
992 1022 1020 734
1003 1013 907 992
980 859 815 984
520 347 389 436
533 557 430 696
533 423 430 557
984 814 815 890
990 928 750 955
514 298 284 509
483 1012 863 766
119 1097 1093 142
720 1029 518 906
739 1053 303 650
989 934 964 953
1052 739 575 570
908 158 170 529
568 383 396 591
989 953 947 982
551 152 156 132
988 1030 923 941
691 20 110 125
562 97 103 458
667 1066 596 753
906 861 705 826
753 103 116 134
753 553 103 134
906 725 861 814
906 725 705 861
87 9 316 106
906 826 652 861
906 720 652 826
487 798 990 477
540 240 274 554
479 944 918 988
894 1010 1000 868
479 999 944 976
1074 1078 253 219
153 1048 519 120
966 827 897 889
987 922 740 857
996 598 808 881
564 371 336 81
49 1101 104 118
520 436 389 622
987 943 922 857
573 267 239 266
987 943 857 940
523 249 271 682
940 615 730 729
807 626 555 767
940 730 615 881
991 981 728 829
538 136 174 712
997 1020 723 734
871 553 528 791
913 789 763 773
913 773 763 939
913 919 789 773
566 233 227 255
734 578 507 642
913 939 919 773
753 442 97 449
485 989 982 953
942 868 577 746
665 1045 633 629
776 1010 928 894
1018 1034 755 932
981 728 806 913
991 794 743 902
991 902 743 873
951 955 776 933
951 955 904 972
734 507 578 723
735 490 580 784
1042 167 1040 180
567 414 362 410
567 580 362 566
557 409 392 430
978 891 883 748
951 904 862 972
936 866 817 876
936 1028 856 920
578 1022 642 734
951 862 819 972
734 1037 817 997
923 1037 941 1030
564 371 672 711
630 332 311 508
596 1073 498 1066
684 612 459 535
567 362 369 410
568 547 396 651
568 396 547 591
568 1021 547 737
987 842 740 922
987 943 842 922
996 812 841 926
585 204 303 509
542 547 431 428
1053 739 1052 570
568 237 235 259
542 706 547 428
569 568 697 259
940 839 729 730
532 1096 390 1092
1044 169 179 1043
514 284 674 509
950 854 847 801
568 591 235 383
485 953 934 989
777 999 479 945
951 894 776 955
1054 1056 257 259
435 346 830 338
540 274 261 510
706 1029 676 915
951 972 819 894
898 820 602 760
898 817 565 866
630 330 327 322
951 955 972 894
1033 1001 1032 924
701 1006 892 724
892 497 701 724
741 256 239 267
1001 897 772 486
572 249 234 231
977 849 843 891
674 509 975 747
538 136 202 173
994 836 767 768
559 530 349 416
354 2 349 108
737 1056 1021 718
959 935 781 900
905 874 775 970
1043 679 177 179
799 294 267 284
738 575 570 718
568 1054 718 697
978 748 683 891
994 767 836 978
994 768 767 929
994 929 767 978
511 709 123 315
493 410 425 414
556 432 390 436
556 390 432 638
724 590 296 756
505 168 176 500
305 297 497 296
563 150 168 618
967 959 900 935
767 492 626 555
772 1014 486 973
744 313 331 320
778 455 217 540
491 1055 252 1057
569 259 237 568
190 1044 181 179
568 1056 235 591
943 857 839 726
987 926 842 943
943 839 857 940
510 261 272 274
569 237 373 568
778 467 455 471
748 649 197 683
959 781 736 900
900 935 781 835
22 1077 121 102
121 342 22 23
900 922 781 736
567 369 362 580
734 578 496 723
900 781 922 880
959 935 840 865
905 775 982 973
544 583 238 253
844 1018 713 755
490 369 58 376
541 583 238 544
886 549 617 733
886 733 516 743
548 101 185 163
886 617 516 733
991 743 794 728
956 875 805 986
956 889 850 966
523 271 503 682
790 183 189 176
959 865 840 871
596 134 116 147
554 240 273 250
959 865 736 935
959 736 865 871
229 1074 238 208
571 342 366 358
827 481 912 800
1013 1040 506 605
88 6 21 102
871 736 842 943
966 1015 985 1001
58 490 216 226
744 320 331 525
871 842 785 943
183 790 189 577
822 290 606 614
986 875 805 927
873 886 743 733
873 733 549 886
772 1014 973 1001
477 888 798 904
955 779 904 972
541 208 229 645
778 471 455 466
778 612 471 466
602 380 394 412
477 904 779 888
1001 966 897 956
585 301 303 304
972 862 852 904
557 430 392 423
486 804 772 975
867 696 560 813
942 577 790 746
816 1096 638 610
169 1044 179 181
942 746 790 882
905 1035 775 973
486 772 804 787
961 931 747 1000
458 7 97 103
458 103 31 7
975 804 502 937
983 927 790 942
820 1036 915 749
589 324 85 84
983 790 882 942
954 913 828 981
927 828 983 790
487 896 761 877
590 269 281 296
561 472 469 460
484 789 949 882
501 171 191 98
484 882 949 1000
136 1093 105 527
739 1053 1052 289
899 573 741 885
567 410 369 490
486 956 960 986
105 1093 532 527
485 975 747 961
487 477 990 878
486 956 897 892
817 1037 936 997
223 1094 1090 619
505 159 168 563
997 936 817 879
577 679 524 188
872 824 925 879
963 977 843 909
73 74 234 319
626 1073 106 137
649 197 187 199
526 335 311 536
505 710 159 563
674 264 283 266
592 334 335 536
504 143 164 172
982 1035 973 775
534 1097 142 588
546 173 195 539
576 282 308 244
368 1093 588 532
576 244 308 646
487 878 823 477
569 568 373 624
998 966 850 889
569 227 237 246
819 1008 680 641
587 468 452 475
583 280 238 263
1053 739 303 289
998 946 827 912
963 869 843 977
488 278 263 659
963 909 912 977
78 1069 79 225
485 747 882 961
905 927 875 986
488 614 278 659
346 435 830 686
916 684 865 736
559 416 400 707
916 792 663 935
916 663 781 935
916 781 736 935
519 721 153 120
559 705 416 675
916 935 736 865
597 467 68 228
597 228 68 230
916 865 792 935
875 1024 1023 925
989 969 775 982
88 102 342 6
968 876 760 898
914 824 760 879
914 925 605 824
556 436 390 347
190 1044 179 586
594 282 294 286
993 922 736 943
684 459 95 96
914 925 824 879
980 947 877 928
938 821 786 933
691 110 20 463
571 1077 342 688
938 786 776 933
938 933 948 821
713 1052 268 570
733 549 618 828
179 1044 521 586
938 776 948 933
832 829 974 523
975 747 509 934
339 371 656 82
993 943 736 959
975 509 772 934
620 334 330 319
700 191 197 199
674 283 204 284
483 766 731 895
576 631 244 646
993 736 922 900
991 873 743 728
993 959 736 900
998 912 827 889
963 909 732 945
135 1097 610 107
945 940 839 943
945 839 726 943
484 961 1000 931
894 949 819 641
965 935 959 967
965 967 903 994
993 959 909 943
46 1093 368 532
481 965 903 977
481 993 959 909
972 904 852 771
484 931 930 961
618 150 168 149
679 1043 521 179
959 871 943 736
959 785 943 871
654 368 390 375
958 1084 769 884
601 415 421 402
218 52 53 379
827 481 1005 912
481 909 959 965
799 514 294 284
963 945 912 909
741 267 239 573
481 993 900 959
1033 1001 952 946
976 1003 893 992
479 976 944 988
988 837 751 923
1001 1033 952 924
140 1048 151 124
484 949 972 1000
1019 1034 755 570
965 843 883 891
965 977 843 891
494 156 185 101
565 412 431 429
512 429 425 565
898 817 866 876
965 883 843 909
777 583 659 488
644 156 175 494
742 501 171 157
993 726 943 909
909 943 926 945
594 286 294 537
220 1102 256 1098
909 926 732 945
655 578 666 128
993 800 726 912
742 134 171 201
742 201 171 528
597 230 68 461
6 342 22 102
481 900 758 967
965 909 843 977
620 330 334 536
748 203 197 157
593 314 328 326
577 183 195 188
620 73 234 319
630 330 311 332
630 311 330 536
620 319 322 73
481 758 903 967
587 468 475 462
603 661 109 370
481 758 800 903
654 390 368 532
821 610 588 654
654 1097 610 588
588 654 368 532
546 158 184 173
1097 375 368 588
741 607 256 267
482 986 983 960
978 935 864 883
136 1093 202 119
978 864 935 929
485 772 934 975
603 120 109 721
991 794 803 832
482 910 983 986
543 281 274 510
976 1017 628 952
581 90 468 462
590 273 281 269
991 728 828 873
645 1074 541 208
961 954 983 937
569 227 360 55
297 305 497 701
565 429 431 651
497 297 724 296
481 800 900 993
905 970 875 874
98 648 501 517
609 419 406 434
609 434 406 582
721 120 109 153
898 565 817 760
898 542 820 915
898 825 542 915
871 865 684 736
581 468 90 645
609 388 419 434
77 1067 78 224
526 516 329 616
597 68 467 461
925 1015 879 985
569 360 373 55
1001 966 946 897
498 1073 626 137
555 312 321 310
599 86 85 321
490 58 369 226
968 760 749 898
484 972 931 1000
670 281 307 288
898 1027 749 820
820 1036 749 898
63 1102 608 222
579 583 206 541
980 754 890 962
742 553 134 201
581 462 468 587
684 95 446 96
69 228 68 467
778 217 455 69
69 455 70 217
778 455 467 69
985 966 875 925
577 195 183 539
874 679 577 868
577 515 195 539
526 329 516 508
874 868 577 942
607 294 282 267
956 850 875 966
874 927 524 875
873 733 728 828
511 131 40 123
526 592 335 536
607 282 294 594
905 875 927 874
135 1097 534 610
600 309 262 242
386 1094 619 214
538 202 136 527
980 971 947 984
884 855 813 861
13 214 60 386
980 863 947 971
884 813 855 867
884 867 855 890
574 322 231 620
980 754 863 895
724 1005 892 827
985 1023 970 925
1001 946 966 952
221 75 314 326
980 895 863 971
991 828 728 981
991 957 794 902
600 621 309 242
558 262 309 287
799 514 284 674
618 149 617 627
638 404 432 423
364 213 15 365
638 390 432 404
799 267 294 607
899 573 770 930
899 770 573 885
899 771 852 885
671 127 111 135
793 322 630 327
610 392 381 374
484 882 1000 961
601 402 421 424
645 545 344 378
972 771 779 904
487 877 761 878
607 267 282 256
656 320 525 593
483 995 969 971
322 793 630 574
1090 244 623 646
483 863 895 971
603 721 109 661
651 431 396 407
291 1053 713 1050
566 56 227 233
745 566 699 255
618 168 166 149
641 174 186 161
502 674 204 509
580 490 369 226
1045 1047 629 148
577 188 195 515
995 1038 915 725
105 341 46 4
142 1093 119 202
303 1050 291 301
579 206 625 541
625 241 230 206
581 587 468 645
1036 968 876 921
1038 1036 995 915
566 360 227 56
555 321 312 599
787 301 305 300
748 197 203 683
511 123 40 315
995 1036 749 915
825 1036 915 898
532 341 46 105
577 189 183 188
577 524 189 188
990 877 928 980
539 186 195 183
351 30 29 112
907 1003 893 506
992 1013 496 506
946 999 912 998
963 912 945 999
988 992 751 918
505 168 618 563
850 849 956 805
538 641 186 539
105 93 341 4
601 1084 769 677
747 674 509 514
105 345 93 4
997 817 723 879
997 879 723 872
924 1050 713 1032
824 496 666 723
681 194 192 196
497 302 305 296
505 183 176 159
517 154 171 175
589 85 440 84
616 318 329 333
439 224 77 444
599 85 86 447
595 440 438 441
635 205 245 279
851 352 1 353
610 654 392 374
127 38 381 37
732 548 812 494
1082 1088 685 692
487 980 948 962
484 930 887 961
990 933 948 776
713 1032 650 1018
1014 1032 979 973
578 413 361 372
958 769 754 895
496 666 124 140
958 890 867 884
958 895 754 890
601 424 421 707
599 440 85 447
958 884 895 890
603 359 406 370
603 370 406 661
634 192 194 180
603 406 359 642
496 124 666 578
581 615 462 587
517 171 154 528
1064 1065 842 740
144 1045 148 169
739 303 289 298
610 381 127 374
990 955 933 776
487 962 948 796
557 638 423 392
980 815 948 890
1001 956 897 486
608 63 213 365
741 573 607 267
983 981 828 991
990 955 776 928
956 897 889 966
1101 680 104 118
753 449 97 562
1102 356 63 608
760 817 876 879
147 1073 114 1066
486 897 772 787
33 1073 114 106
512 425 493 507
591 53 383 379
628 872 879 997
537 1009 594 750
512 565 425 507
529 177 184 160
1015 1017 628 879
558 685 262 287
634 194 192 681
526 329 335 333
599 321 85 324
620 330 322 319
479 893 732 963
976 941 846 944
628 872 925 879
999 777 846 848
999 846 777 944
627 130 131 149
636 234 74 319
1001 1015 979 952
829 832 974 794
1013 992 628 907
991 803 794 957
627 617 130 149
905 927 942 874
981 828 728 913
630 327 330 332
870 801 659 784
548 185 101 494
670 307 281 510
635 245 205 653
981 806 832 802
560 424 426 395
374 107 38 127
374 38 381 127
680 145 133 118
981 887 806 802
712 136 174 100
520 347 436 556
608 213 63 222
981 913 806 887
958 1084 884 795
681 196 192 495
886 143 164 504
597 471 474 467
981 937 802 832
521 179 586 679
875 681 850 805
651 396 431 547
961 954 882 983
481 800 758 900
476 902 818 994
990 933 798 948
994 836 768 902
520 436 622 556
1096 532 588 1092
684 96 465 459
625 1059 230 241
778 1059 228 597
579 272 241 280
709 1101 104 499
648 98 501 700
994 917 768 929
633 167 666 824
993 912 726 909
482 910 818 873
1027 1029 629 727
570 1054 1052 697
634 192 495 681
539 1011 546 859
477 888 779 878
653 79 17 84
738 1016 932 989
1014 1035 979 968
991 832 803 937
598 473 470 615
985 1015 1014 1001
854 1076 881 689
991 981 832 937
625 230 229 206
780 452 468 456
989 964 934 911
964 863 513 911
964 928 750 877
964 877 947 928
964 750 537 877
964 537 863 877
964 863 947 877
59 213 15 364
386 1094 60 619
194 1042 634 180
524 194 193 190
309 1094 214 621
497 590 302 296
581 385 378 90
558 685 287 678
550 162 177 160
520 367 19 92
970 1035 968 775
982 942 868 874
552 354 352 405
777 839 583 488
748 197 191 157
635 653 205 703
968 1026 914 970
989 911 863 964
995 727 725 915
483 971 895 995
1035 989 932 1016
1036 1038 995 731
485 934 772 973
2 108 30 349
2 1085 36 108
554 224 240 250
209 70 455 217
209 455 70 16
209 77 224 444
999 848 846 946
653 17 79 212
402 1084 601 677
479 963 732 945
934 953 747 964
560 395 426 696
861 559 707 675
479 988 893 976
740 612 451 669
715 99 143 172
643 399 418 423
699 1055 745 255
591 383 53 235
976 944 846 999
1035 905 970 985
988 1022 992 734
988 751 734 923
180 1041 181 194
953 934 747 485
524 193 194 681
55 227 360 56
996 940 812 926
987 615 841 996
760 824 666 723
568 396 373 407
569 373 237 55
560 601 707 424
638 423 392 404
536 330 574 620
610 135 107 127
675 421 427 416
826 141 108 112
568 651 396 407
568 54 237 373
64 1078 219 216
996 881 901 940
996 901 812 940
996 901 808 812
996 808 901 881
595 589 440 441
996 940 615 881
638 557 423 533
653 79 84 441
970 1035 985 968
581 694 385 89
229 1074 541 238
778 69 228 217
654 404 392 374
654 392 404 638
654 375 390 404
654 404 390 638
575 285 265 270
643 664 399 423
1001 985 966 956
1015 966 952 1001
655 128 372 578
1052 718 575 265
488 307 280 263
372 26 128 27
655 372 128 27
485 934 747 975
485 982 942 953
739 509 303 298
656 82 320 314
232 327 71 72
72 793 322 231
793 72 322 327
72 232 793 231
653 84 17 317
317 71 17 212
653 17 212 317
968 1036 876 898
617 139 126 130
989 982 947 969
586 605 1023 809
982 969 858 947
982 775 858 969
980 984 815 890
980 948 815 938
647 240 224 209
767 715 626 492
662 324 321 599
589 440 85 599
980 815 859 938
1056 259 568 235
226 1057 233 580
659 263 251 278
645 91 90 378
487 796 823 962
1016 1036 749 995
441 438 782 439
1001 486 985 956
483 989 738 911
482 818 902 873
674 283 284 266
586 1041 809 190
65 1074 344 208
561 472 451 469
729 541 583 579
661 370 406 419
661 419 406 609
595 589 441 653
538 174 186 641
488 263 280 583
703 327 332 324
750 878 955 779
529 170 184 158
778 467 228 69
481 993 909 912
579 280 241 206
950 730 839 940
481 912 800 993
994 902 818 836
487 962 823 896
150 511 709 123
535 865 1064 562
662 703 324 589
753 97 103 562
753 35 116 103
273 590 281 543
520 702 367 92
619 60 386 357
524 190 189 188
1010 964 480 953
530 351 349 416
754 695 678 558
678 1012 766 695
580 57 369 362
580 362 233 57
679 1025 521 550
275 1055 255 277
716 1056 257 718
606 290 300 302
980 947 863 877
989 1035 932 973
775 1016 749 969
550 160 177 529
573 266 260 584
608 356 63 365
584 260 264 266
210 314 76 83
656 690 314 593
656 314 320 593
210 83 76 18
210 61 83 18
518 384 115 29
854 387 378 385
661 419 366 370
810 425 422 411
760 633 666 824
660 101 156 494
28 115 384 29
665 129 115 28
208 238 219 1074
756 296 297 279
756 279 297 522
443 106 9 87
147 1066 114 116
962 754 890 958
1096 816 796 821
549 166 164 139
982 1035 775 989
756 245 269 279
625 1059 597 230
759 121 132 146
647 224 240 554
641 949 746 894
645 468 90 91
645 456 468 91
613 473 453 472
780 468 452 587
957 522 635 756
563 161 159 133
511 333 331 323
496 642 124 578
358 1079 366 571
603 406 582 609
810 507 425 411
810 422 425 493
810 493 425 507
810 422 493 582
578 372 361 26
661 370 366 109
57 233 56 362
593 314 320 328
955 894 1000 972
744 564 320 656
127 671 111 851
80 104 8 343
80 39 8 104
878 750 955 990
499 104 80 343
654 374 107 375
530 705 351 416
559 675 416 707
851 353 1 37
851 37 1 111
564 82 371 81
957 756 635 917
478 574 523 974
210 1098 632 61
526 616 329 333
627 131 150 149
627 150 131 511
632 340 83 61
661 1080 721 109
877 537 695 761
957 917 635 833
756 1006 724 957
957 724 756 917
482 902 818 476
660 156 551 494
756 635 245 279
657 653 245 635
921 1035 968 979
759 132 156 146
969 1025 749 775
613 475 453 473
988 944 941 976
456 208 229 66
456 10 208 66
998 966 946 952
456 208 10 91
662 324 599 589
438 1072 595 668
841 740 615 987
1067 1069 78 225
209 16 77 444
647 209 224 444
830 435 338 499
590 758 273 269
740 451 613 669
874 790 577 524
791 464 465 562
613 615 475 473
998 952 946 976
487 990 948 980
671 610 127 135
759 146 156 660
784 252 659 251
487 980 877 990
1044 1041 605 586
778 1059 597 673
764 392 409 353
476 818 891 994
998 893 869 907
578 26 128 372
371 1100 435 711
213 1090 244 623
244 1090 308 646
518 351 384 29
613 453 451 472
518 29 115 112
377 1078 216 489
870 784 489 801
558 621 309 600
758 590 273 543
242 1082 600 211
600 211 350 242
746 183 539 577
591 235 53 218
643 382 386 214
746 577 539 868
518 351 29 112
637 192 178 198
655 27 380 372
579 206 241 625
878 594 537 761
628 1003 992 893
609 388 434 387
479 918 893 988
857 726 880 510
479 963 945 999
694 342 358 88
476 902 957 991
558 600 262 685
646 1094 621 619
646 1094 619 1090
558 309 262 600
610 127 107 374
878 537 594 750
950 945 940 839
1084 395 424 560
914 824 633 760
542 412 394 431
761 299 248 286
761 537 299 286
619 643 214 621
558 287 309 299
679 177 179 188
578 361 124 26
25 124 361 26
950 839 777 945
950 940 881 730
385 1075 378 854
627 149 150 618
610 671 127 851
505 710 183 159
576 308 282 286
639 398 340 356
556 622 664 436
656 314 83 82
656 632 314 690
640 433 398 391
623 59 364 213
950 901 881 940
980 863 754 877
616 325 329 318
618 139 617 149
617 130 149 139
617 139 143 126
43 113 126 325
787 604 301 300
663 438 446 445
77 1067 224 439
596 1073 1066 719
642 361 411 359
573 260 690 584
483 911 863 989
483 1016 989 969
611 337 433 367
497 305 302 300
623 213 223 59
989 969 947 971
980 895 890 754
684 465 96 562
991 1006 803 957
857 1058 625 762
922 1058 857 762
980 890 948 962
109 370 366 3
603 661 406 609
109 3 24 370
589 85 324 599
681 193 194 196
538 186 174 173
611 367 433 640
698 199 187 196
637 178 192 634
476 803 960 991
483 989 971 969
483 863 971 989
997 992 734 988
711 433 371 398
491 1055 277 252
167 666 496 140
483 1036 825 921
997 734 923 988
998 889 869 963
780 645 468 587
708 363 415 402
998 869 893 963
0 374 375 107
0 107 38 374
715 172 143 504
802 937 887 961
665 115 384 28
578 124 128 26
665 148 115 129
483 731 825 995
995 1016 483 969
1000 882 949 746
1000 746 949 894
1000 868 746 894
598 457 470 473
562 96 97 465
562 449 97 96
792 446 449 684
761 248 621 646
732 479 548 893
738 766 575 718
679 188 179 190
633 167 169 144
972 771 852 899
721 1080 146 109
698 187 199 649
253 1078 216 219
300 1051 301 293
485 942 882 953
709 1101 499 680
49 343 8 104
584 266 264 674
989 947 863 971
482 983 991 960
520 19 347 92
959 943 785 909
546 184 158 529
632 1099 340 639
1099 371 339 398
993 922 880 900
1099 771 711 640
616 617 325 318
711 433 398 640
702 345 93 105
391 1103 687 356
702 93 341 105
315 40 39 123
564 81 320 82
528 1062 154 693
221 75 76 314
799 607 294 594
1051 300 301 604
689 385 358 388
678 247 287 270
613 472 451 561
443 9 106 33
759 1077 688 132
481 959 900 967
481 965 959 967
965 978 891 883
442 1066 753 34
104 680 133 118
667 449 437 450
589 1072 599 834
597 467 474 461
684 446 449 96
817 760 876 898
967 935 835 929
965 883 909 959
482 910 991 983
910 549 828 500
756 279 269 296
625 1058 729 669
582 434 406 422
654 404 374 375
45 375 107 0
702 105 341 532
764 409 392 557
678 287 247 685
685 262 287 247
348 1086 395 692
213 1090 623 223
608 207 213 222
1099 1103 398 639
765 389 622 520
665 633 148 129
698 495 199 196
698 199 495 649
738 1016 483 921
73 72 322 231
253 1078 544 870
490 58 216 376
358 1079 689 388
342 1080 23 121
721 1080 571 759
665 384 115 518
659 251 263 253
378 1081 545 387
658 422 397 434
614 288 278 290
579 583 280 206
810 422 406 411
692 348 51 355
708 401 415 379
559 1085 826 552
1015 966 925 628
678 716 247 270
545 645 344 544
782 595 653 657
742 528 553 201
756 296 269 590
657 250 269 245
632 61 83 210
593 328 320 525
593 328 525 592
636 319 74 326
573 584 674 266
995 971 727 969
520 393 389 19
995 725 727 971
995 895 731 725
995 971 895 725
630 703 327 332
221 314 76 210
236 75 326 74
593 314 326 221
482 991 910 873
987 940 615 996
762 673 880 540
601 415 402 708
482 873 902 991
559 416 705 530
482 991 902 476
764 353 409 352
482 476 960 991
851 127 381 37
716 257 247 270
678 247 716 685
576 286 282 594
761 248 299 309
775 679 982 858
210 1098 61 220
1098 210 239 220
680 104 133 709
987 996 926 940
55 373 237 54
200 352 1087 36
851 111 127 37
537 299 306 295
756 279 522 635
317 232 71 212
987 841 926 996
554 273 240 274
597 474 452 461
393 520 389 687
661 1080 366 571
965 883 935 978
117 31 32 464
666 167 496 824
22 1077 342 121
967 835 917 929
478 793 254 574
460 1063 693 110
688 102 342 88
688 88 342 694
694 358 342 571
692 355 395 348
965 935 883 959
478 974 793 574
967 929 917 994
348 14 211 51
478 974 635 793
51 1082 243 211
615 694 470 598
965 891 978 994
683 818 891 649
633 605 914 169
877 761 695 896
460 1063 32 693
988 1030 941 837
988 837 941 944
988 1037 923 997
997 988 941 976
460 110 5 32
460 5 110 463
275 1055 699 255
647 445 94 444
997 976 992 988
694 89 88 358
43 113 316 44
43 316 113 325
616 323 318 333
478 522 635 974
758 543 273 554
583 730 801 544
103 1062 117 201
951 904 853 862
951 853 904 933
780 456 468 645
669 587 475 615
666 128 124 140
1098 256 239 741
557 426 409 430
702 341 93 92
575 295 285 270
955 894 776 928
761 621 248 309
487 990 877 878
761 248 308 286
588 375 368 654
761 308 248 646
685 262 247 243
350 14 211 348
154 1063 117 110
791 562 465 535
693 464 32 460
693 32 464 117
520 92 347 702
730 583 801 950
664 432 399 423
664 638 432 423
664 399 432 417
155 1087 111 671
610 374 107 654
235 54 383 53
568 373 383 54
642 120 124 25
542 394 412 602
487 823 798 477
998 976 946 999
733 618 617 627
767 626 715 498
662 324 332 321
788 516 555 508
626 316 113 106
555 321 332 310
213 364 687 365
601 708 402 677
479 945 901 950
991 937 803 960
687 393 391 365
806 584 593 704
639 340 62 356
617 318 130 42
617 130 126 42
662 332 324 703
742 528 171 501
879 760 723 824
590 281 302 296
626 113 99 106
471 1058 762 669
642 359 120 25
603 109 24 370
359 25 24 120
371 339 656 672
503 264 283 674
690 260 239 221
690 221 210 314
371 1099 339 672
356 1102 63 62
690 239 210 221
656 83 314 632
631 623 244 646
252 784 659 491
654 1097 375 107
112 1047 115 518
706 403 427 428
601 421 675 707
769 708 685 716
573 266 239 260
620 73 322 231
574 231 572 620
573 260 239 690
632 210 83 314
522 276 297 292
640 1104 611 711
631 244 213 207
702 93 345 92
831 47 346 345
480 964 747 953
761 621 309 558
538 539 186 173
557 696 426 430
1086 797 867 795
242 1082 262 600
317 327 71 232
78 1069 441 79
589 324 84 317
1067 1069 782 441
245 1069 225 212
589 703 324 317
879 1014 968 985
503 584 264 674
478 279 276 254
702 92 337 367
220 1102 62 222
783 1082 692 348
965 476 994 903
655 27 128 129
655 380 27 28
566 362 233 580
135 1097 107 142
983 828 910 991
985 970 875 905
477 955 933 990
721 101 153 146
950 901 847 854
477 933 798 990
485 973 982 989
637 198 178 648
344 1078 64 377
344 64 219 65
65 1074 208 219
545 344 378 377
344 208 10 65
344 10 208 91
485 989 934 973
236 326 75 221
632 690 210 314
584 806 593 770
1083 867 696 557
706 427 403 675
741 639 632 1098
633 129 144 148
675 427 403 416
792 437 449 446
485 905 982 973
954 983 790 882
1082 783 350 348
619 386 214 643
643 418 399 382
760 666 633 602
706 428 394 403
685 1082 692 600
51 1088 215 243
769 685 708 677
770 573 690 584
954 828 790 983
1010 894 955 928
709 123 104 133
747 882 1000 953
709 150 123 133
123 39 709 104
39 123 709 315
648 178 185 198
965 994 978 967
479 901 918 950
998 999 912 963
3 1080 109 23
628 907 893 998
628 893 992 976
628 998 893 976
976 1017 941 997
694 470 88 89
645 91 208 456
645 208 229 456
491 659 278 614
581 89 462 694
385 1076 358 694
344 1078 1074 219
581 89 90 462
628 976 992 997
886 516 617 492
538 174 641 712
480 928 750 964
707 421 400 424
709 39 80 104
709 313 80 315
631 207 213 608
706 705 675 403
698 193 196 182
879 817 723 760
495 199 192 198
567 490 369 580
478 276 279 522
696 408 426 430
998 912 889 963
50 14 211 350
50 350 211 242
1021 1019 766 483
698 196 193 681
980 896 487 877
966 1015 952 628
1021 1019 825 737
309 1094 621 248
623 357 389 364
854 689 387 385
486 892 804 960
589 317 84 653
785 528 501 517
653 212 245 205
880 540 554 781
1074 344 645 544
657 250 245 225
481 967 903 965
481 977 912 909
580 226 57 233
226 58 369 57
568 235 237 54
726 857 880 993
627 41 130 318
580 369 57 226
566 362 360 56
787 585 301 604
655 27 129 28
974 630 574 794
533 664 423 638
12 363 52 215
811 101 163 153
886 617 143 492
599 86 321 312
807 447 86 448
788 555 516 492
42 43 126 325
42 318 130 41
673 762 880 857
739 303 509 650
739 298 289 285
637 495 192 198
648 185 98 198
683 197 203 172
748 157 191 501
683 504 197 172
340 1099 398 639
757 499 709 564
966 998 827 889
524 679 586 190
974 833 630 794
524 190 188 679
679 775 982 874
652 141 170 155
707 400 421 416
652 170 141 160
499 830 435 1100
790 183 176 505
648 98 185 494
799 594 294 514
772 509 585 650
12 1088 355 215
355 215 363 12
974 574 630 793
974 793 630 833
478 523 522 974
974 833 635 793
974 957 635 833
759 156 132 551
925 1015 628 879
457 21 20 125
598 470 457 694
974 522 635 957
481 965 977 909
627 131 130 41
323 40 131 41
627 323 318 616
247 1088 685 243
591 53 379 218
601 717 415 708
708 363 52 379
982 679 868 858
62 1098 61 340
625 857 762 673
481 1005 977 903
480 1010 953 1000
479 918 944 950
382 386 214 13
569 237 227 55
547 1021 591 717
708 379 52 218
479 998 893 963
479 976 893 998
34 1073 450 1066
34 1073 33 443
767 719 626 498
67 456 229 66
780 67 230 461
67 68 230 461
479 998 963 999
483 825 738 921
593 690 314 221
634 178 192 180
657 1069 245 653
679 190 179 586
673 540 261 510
708 247 218 1088
658 582 422 434
694 89 358 385
660 156 101 146
117 1063 1062 693
708 247 716 218
718 270 265 257
520 391 393 19
391 520 393 687
702 92 347 341
1105 47 48 346
48 1101 49 118
774 1102 608 639
47 1105 48 122
831 345 346 337
702 341 347 532
105 345 4 47
831 337 346 686
757 1100 830 499
382 13 214 50
382 50 214 242
382 242 350 50
669 615 475 613
261 1059 241 228
778 1060 540 762
742 596 134 553
483 995 895 731
905 874 942 982
965 903 977 476
809 681 194 634
275 1049 277 293
700 199 197 649
757 564 709 773
549 164 166 182
761 309 299 558
611 686 337 702
814 720 529 652
668 438 447 437
647 445 444 439
535 465 454 459
807 86 447 599
535 459 454 612
696 430 418 408
677 402 395 355
831 105 122 47
239 1098 741 632
780 229 230 67
730 581 587 615
670 288 302 281
612 466 454 471
562 464 465 458
670 302 288 606
226 1057 580 251
497 300 302 606
742 134 147 157
880 554 274 543
714 445 95 94
782 441 653 595
714 94 95 466
742 147 134 596
1073 147 137 498
574 572 536 620
703 232 327 317
656 371 564 82
250 1067 224 225
1067 441 439 78
714 466 455 94
540 673 261 1061
896 980 487 962
617 42 126 325
617 325 318 42
210 1098 239 632
632 239 210 690
762 673 597 625
282 594 774 576
687 389 393 364
831 47 345 105
632 83 340 339
575 678 295 270
574 249 231 254
623 364 389 687
631 687 213 623
631 213 244 623
741 639 256 774
771 1103 888 640
687 364 393 365
774 1103 771 639
380 28 665 384
687 391 356 365
687 365 356 608
741 256 607 774
1088 247 218 215
708 415 363 379
658 397 422 493
822 491 278 614
733 617 616 627
636 236 326 74
666 144 128 140
567 414 410 493
637 192 495 634
1019 1021 766 737
1077 759 571 121
167 1042 1040 605
506 1046 1040 496
490 369 397 410
178 506 648 548
28 380 665 655
809 875 874 524
875 809 874 970
751 642 810 603
594 282 774 607
643 399 386 382
685 1082 262 243
621 214 309 242
1061 778 1059 228
289 1053 268 291
782 445 647 439
684 96 449 562
669 474 453 475
673 241 272 261
669 475 453 613
811 1020 496 992
636 74 234 236
701 297 305 292
358 1079 571 689
387 1079 609 388
658 493 422 582
658 490 397 493
493 397 422 410
583 263 238 253
545 1078 489 544
11 1078 377 64
689 388 387 385
688 694 342 571
658 420 397 490
627 323 41 318
449 1068 792 667
937 802 887 981
967 978 935 929
627 131 41 323
511 315 331 313
511 709 315 313
615 473 470 462
688 125 102 21
688 457 125 21
102 121 132 1077
581 90 89 385
644 152 154 175
781 663 714 647
673 261 272 510
688 21 102 88
780 669 597 625
612 471 454 451
544 1075 645 730
545 1078 377 489
664 386 399 417
722 136 100 105
664 417 432 436
722 527 136 105
786 158 142 534
622 436 389 417
622 664 436 417
244 1090 223 308
623 357 364 59
716 257 218 247
566 1057 255 1055
731 706 717 547
718 716 270 257
739 513 298 285
542 431 651 565
922 1058 740 857
498 147 203 157
517 1004 843 501
748 700 197 649
788 767 555 492
778 1061 540 217
703 327 324 317
703 205 232 212
703 653 205 212
703 212 232 317
703 653 212 317
895 884 725 814
705 384 351 403
652 160 141 720
826 112 108 530
559 405 400 354
707 416 421 675
542 602 412 565
705 416 403 351
705 403 416 675
731 717 706 860
1009 480 931 750
350 1082 211 600
348 1082 51 211
804 1007 937 975
619 223 60 59
619 60 357 59
619 623 223 59
619 59 357 623
894 538 539 641
622 417 389 357
611 337 367 702
1098 62 61 220
831 702 337 686
478 276 249 254
682 264 271 503
574 231 249 572
704 258 264 260
704 260 264 584
377 1081 387 545
929 662 555 599
729 780 541 625
658 489 420 490
658 434 387 609
658 420 387 434
478 249 276 523
786 142 158 173
647 554 240 540
647 240 209 540
647 444 224 439
881 854 689 901
684 459 465 535
684 465 562 535
478 276 522 523
599 1071 447 807
439 1070 438 782
657 1067 250 225
782 595 835 1070
714 95 459 466
566 56 233 362
1019 1054 718 570
677 355 395 692
591 383 401 379
544 1075 545 645
1042 178 1040 506
493 490 397 410
713 1053 650 1050
545 377 420 489
163 1046 496 151
699 275 255 246
218 1088 215 708
677 363 402 355
385 1075 854 581
677 1088 692 685
757 789 919 773
971 858 814 727
643 386 399 664
677 402 363 708
591 379 401 708
611 367 640 520
643 382 214 242
643 242 214 621
696 395 426 408
783 408 350 348
632 672 656 339
786 173 158 546
793 574 322 231
502 304 283 292
701 522 297 292
704 236 260 221
502 292 283 503
502 701 304 292
704 221 260 690
593 221 326 236
268 1054 697 1052
569 246 237 259
697 1052 570 268
606 290 302 288
488 510 307 670
500 618 166 549
701 305 304 292
787 304 305 301
371 656 564 672
662 929 555 768
178 1040 165 180
790 505 710 183
643 242 350 382
678 270 287 295
605 586 1023 914
783 418 350 408
783 696 418 408
478 254 249 574
574 249 523 572
555 316 312 310
776 1011 546 938
886 139 143 617
698 196 187 182
718 1052 575 570
821 1092 588 527
643 600 350 242
822 277 278 491
600 643 350 783
656 82 83 339
953 942 868 982
744 320 525 656
896 761 695 558
894 539 538 776
161 186 710 183
799 573 674 266
542 412 431 565
104 499 80 709
542 1038 706 915
629 1047 665 148
178 1042 180 634
591 396 401 383
717 427 401 428
717 428 401 547
717 421 415 427
1088 363 708 677
925 914 1023 970
1088 716 247 685
1076 385 358 689
881 1075 854 730
420 1081 658 387
688 457 21 88
752 571 721 661
660 548 101 494
998 966 827 946
759 660 156 551
1046 506 1040 165
506 178 648 637
748 191 197 700
843 517 501 648
698 495 196 681
271 523 292 276
139 618 617 549
523 271 292 503
636 592 328 593
787 585 304 301
757 680 709 499
152 1063 154 110
610 557 392 638
610 638 392 654
626 443 448 87
443 626 448 719
851 37 381 353
962 958 890 867
147 1073 1066 498
670 281 302 590
787 305 304 701
787 300 305 497
886 549 139 617
500 166 182 549
503 701 292 522
502 503 701 292
1063 644 152 154
489 1081 420 545
644 1063 691 693
721 146 153 109
325 617 492 126
759 721 146 660
617 325 492 516
330 536 574 630
447 1072 668 599
636 328 326 593
620 231 234 73
636 326 328 334
691 463 20 457
753 35 34 116
683 649 197 504
753 562 103 553
437 1068 668 792
1054 1056 718 257
1056 568 1054 718
591 401 396 547
1056 716 218 591
1060 1058 471 612
697 259 268 246
569 697 246 259
615 475 473 462
691 20 125 457
778 597 228 467
438 1072 440 595
645 344 208 91
65 1074 219 344
615 587 475 462
644 156 152 175
644 152 156 551
791 562 117 464
967 994 978 929
647 1067 554 782
1004 742 748 501
974 829 574 523
626 448 86 87
626 87 86 312
1066 147 498 596
793 232 327 703
112 1047 518 138
676 403 384 705
559 552 405 354
813 426 696 560
951 776 538 933
650 585 303 509
577 679 188 515
141 1085 108 155
671 155 135 111
676 705 384 518
652 529 170 160
793 703 327 630
636 334 328 592
572 234 249 258
887 937 954 961
523 292 276 522
682 264 258 271
704 236 221 593
937 887 954 981
882 746 790 789
717 675 421 427
438 441 782 595
676 403 705 706
769 717 708 716
717 415 401 427
591 708 716 218
591 218 379 708
717 401 415 708
787 497 305 701
565 602 412 578
950 838 847 901
807 719 626 767
768 662 508 555
497 606 302 670
497 302 590 670
672 632 656 885
408 1086 395 783
146 1080 121 109
363 1088 708 215
931 1009 750 779
692 1086 795 783
1084 1086 560 795
831 345 337 702
761 594 537 286
514 1009 799 594
761 299 537 695
761 695 558 299
795 600 685 692
533 423 664 643
795 692 685 677
700 198 98 191
688 125 152 132
768 555 508 788
500 176 193 182
500 182 193 698
733 616 516 526
883 840 742 785
504 187 164 182
504 698 187 182
700 98 198 648
700 191 98 501
742 157 147 498
872 1024 824 1013
1088 51 355 692
695 678 295 575
695 295 287 299
695 299 287 558
795 685 600 558
533 418 423 643
769 708 717 601
868 776 1010 859
795 558 600 797
783 643 418 533
722 100 136 712
958 754 685 558
499 336 343 80
602 565 666 578
186 161 710 641
605 169 167 181
699 275 246 268
491 1049 531 822
377 1081 420 387
548 178 185 648
700 198 191 199
643 242 621 600
643 350 418 382
783 418 696 533
958 558 685 795
761 594 286 576
796 823 797 643
796 1095 643 664
710 186 746 183
680 145 161 133
763 511 150 627
680 133 161 563
680 563 709 133
887 770 806 802
710 161 159 563
611 520 702 367
823 643 621 797
761 576 308 646
799 266 267 573
48 1105 346 338
641 174 161 145
641 145 161 680
768 788 767 555
836 768 788 767
713 291 275 268
699 268 246 697
719 1071 807 448
543 670 281 510
543 590 281 670
543 274 273 554
782 657 250 554
961 802 674 930
794 536 508 630
515 546 195 539
293 1050 301 291
695 287 295 678
720 138 141 112
720 518 138 112
560 1086 395 696
652 720 529 160
739 1053 1018 570
706 428 427 717
760 1027 633 749
688 132 152 551
688 125 132 102
691 110 152 125
694 88 470 457
752 1079 571 661
561 460 469 464
561 693 460 464
535 451 454 469
535 561 451 469
714 446 95 445
691 125 152 688
84 589 441 440
811 163 101 548
833 794 957 768
1020 1022 496 734
658 582 434 609
661 366 419 388
569 246 255 227
569 227 255 566
751 603 661 721
751 721 661 752
634 178 506 637
704 221 690 593
526 311 329 508
794 508 536 526
796 533 664 643
419 1079 609 661
642 411 406 359
751 609 661 603
791 464 117 693
880 274 554 540
880 274 510 543
780 461 456 67
730 645 544 541
730 544 583 541
488 307 288 670
644 1063 693 154
511 150 709 763
548 648 185 494
1046 1048 496 151
642 1048 120 519
488 670 288 614
951 538 776 894
579 510 307 488
843 732 517 648
569 255 246 699
567 414 360 362
656 339 83 632
659 252 278 251
548 732 812 479
702 92 345 337
851 552 352 764
1085 1087 155 552
787 497 606 300
710 680 161 563
787 300 606 604
512 1037 817 1030
500 698 549 182
758 800 724 590
787 701 304 502
562 1062 791 117
769 895 884 860
579 307 280 488
579 280 583 488
780 456 229 67
843 732 648 869
787 304 585 502
700 495 198 199
512 936 941 856
614 670 288 606
1049 1051 275 531
528 1064 791 842
517 494 98 648
700 649 495 199
572 258 249 682
139 164 886 143
682 258 264 704
887 806 770 919
704 258 260 236
1100 1104 435 711
887 913 806 919
650 934 509 739
776 539 538 786
619 357 386 417
619 622 357 417
765 631 646 623
623 389 357 622
692 1084 677 795
605 633 914 824
764 352 409 405
764 552 352 405
799 266 284 267
761 286 308 576
707 424 400 405
575 270 265 718
797 600 621 558
706 427 675 717
720 138 162 160
720 160 162 550
720 141 138 160
720 550 529 160
349 1085 354 108
677 1086 692 395
651 431 407 429
542 651 431 547
547 1038 731 706
568 54 383 235
567 362 360 566
489 544 801 545
753 553 134 596
753 134 116 596
895 769 884 958
36 1085 552 200
442 1066 34 450
34 1066 753 116
447 1071 668 437
599 1071 807 668
655 665 28 129
844 713 531 699
838 1079 752 609
706 717 547 428
300 1051 293 290
167 1046 165 140
914 633 749 760
952 920 941 936
666 140 167 144
790 874 577 942
926 494 551 644
950 847 944 801
561 472 460 463
691 688 457 125
807 719 448 626
669 474 452 597
644 175 154 517
613 463 473 472
613 561 463 472
931 955 1000 972
688 694 457 88
1021 1056 716 718
568 1056 1054 259
591 717 716 708
591 708 401 717
591 401 547 717
802 503 674 584
776 546 539 786
504 182 164 549
1041 1044 605 181
162 169 148 1045
731 860 706 725
889 849 850 869
810 406 422 582
366 1079 388 661
814 550 529 720
642 124 361 25
642 25 361 359
544 489 801 870
811 721 101 153
1048 642 120 124
704 690 260 584
704 593 690 584
888 904 771 640
811 101 721 660
658 434 397 420
811 163 151 153
806 593 525 592
614 288 290 606
783 348 395 408
811 153 151 519
811 548 101 660
811 721 153 519
676 394 403 706
676 380 384 394
578 412 413 372
565 602 666 760
578 128 124 666
578 411 361 413
578 361 411 642
578 507 411 413
578 411 507 642
578 124 361 642
751 661 609 752
660 146 101 721
794 833 957 974
883 840 864 742
926 551 494 812
975 585 509 502
770 593 584 690
831 105 100 122
770 656 593 690
564 81 336 80
710 183 159 161
343 1101 338 499
564 313 81 80
161 1008 680 710
686 346 435 337
544 1078 489 870
933 1092 821 527
655 128 144 129
602 380 412 372
602 372 412 578
655 144 128 666
655 129 144 633
716 1088 708 685
708 1088 677 685
601 675 421 717
601 421 415 717
480 1009 931 799
424 1089 707 813
559 108 349 530
797 621 600 643
685 1084 769 795
727 720 550 814
908 546 158 529
890 867 855 816
1097 654 610 107
375 1097 45 107
765 623 687 631
530 1085 826 559
671 170 135 155
908 158 546 534
697 1019 718 737
553 1062 528 791
694 462 470 89
955 931 1000 480
930 802 584 770
644 154 528 517
644 154 693 528
644 494 175 517
603 120 24 109
642 1048 496 124
603 359 370 24
1079 358 366 388
387 1079 689 609
655 665 129 633
676 602 380 394
655 633 144 666
676 394 384 403
676 518 384 665
676 665 380 602
880 800 900 543
676 384 380 665
655 372 380 602
655 602 578 372
715 978 767 498
618 166 139 149
166 618 139 549
827 956 897 889
569 566 255 699
569 246 697 699
666 565 723 578
908 534 546 815
538 527 136 722
799 284 266 674
958 797 754 558
633 167 605 169
504 698 182 549
225 79 212 1069
891 649 700 748
807 864 719 767
1071 447 448 437
892 701 497 787
733 526 516 743
389 1091 765 622
771 774 639 741
799 573 267 607
607 1009 779 594
964 1010 480 928
1099 632 741 639
930 674 584 802
538 136 712 722
728 806 592 829
873 743 728 733
714 1060 540 612
589 703 317 653
668 1068 437 1071
1073 34 450 443
626 106 99 137
626 137 99 715
626 312 316 87
626 316 312 555
162 1047 148 138
936 866 512 817
629 138 162 720
629 162 550 720
629 518 138 720
665 1045 629 148
866 936 512 856
820 665 602 633
800 880 900 993
765 389 687 623
786 202 142 173
786 534 142 588
556 638 432 664
556 432 436 664
796 797 533 643
786 142 202 588
626 715 498 137
1070 445 647 782
807 312 86 599
807 86 312 626
715 99 172 137
820 602 665 676
531 1055 275 1049
713 531 699 275
713 699 697 268
713 268 275 699
811 506 163 548
759 551 132 688
581 694 462 615
691 688 152 551
691 551 152 644
985 956 905 875
956 985 905 486
810 642 507 411
729 583 541 730
813 426 424 405
603 24 120 359
603 120 721 519
810 411 406 642
603 359 120 642
811 1003 506 548
118 1105 122 48
499 564 80 709
499 336 80 564
712 145 100 174
712 641 145 174
712 680 145 641
901 689 752 838
818 683 891 836
651 825 866 845
1095 386 643 664
386 1095 417 664
622 1095 619 1091
390 1096 638 556
386 1095 643 619
687 608 213 365
357 1091 622 619
511 315 40 323
511 40 131 323
763 150 618 627
763 563 709 773
627 318 130 617
291 1051 713 275
1051 1049 275 293
713 697 570 268
811 163 506 496
1044 169 605 181
479 1003 918 548
711 435 371 433
632 1099 741 672
852 1099 672 771
774 1102 639 256
885 770 690 656
741 573 239 690
640 367 433 391
774 576 594 779
480 931 750 955
795 600 692 783
1103 391 687 640
908 1011 546 529
608 1103 639 356
1104 433 337 435
760 602 633 820
755 697 570 713
665 1027 820 629
542 706 394 676
760 1027 820 633
542 394 602 676
895 860 769 731
1036 1038 731 825
930 584 674 573
508 555 310 516
508 332 310 555
667 1066 450 719
803 522 701 503
892 804 701 787
818 504 698 649
523 503 292 522
698 549 910 500
896 558 695 754
1095 796 643 823
826 652 155 141
141 1085 826 108
652 1085 155 552
827 956 889 1005
845 876 844 755
901 847 689 838
751 582 609 603
880 510 274 540
718 716 575 270
752 1076 571 689
980 754 896 877
754 980 896 962
897 606 604 787
802 806 584 770
744 564 709 313
627 616 318 617
954 789 828 913
797 867 796 533
939 525 592 806
531 1055 745 699
566 1057 745 580
549 698 910 504
627 131 323 511
728 536 592 526
763 709 511 773
564 709 313 80
100 1105 831 122
499 343 435 338
744 709 564 773
832 503 682 523
930 770 584 573
774 594 607 779
741 690 239 632
885 573 690 770
806 656 525 593
819 712 641 680
812 660 551 494
755 713 699 697
845 699 697 755
784 251 489 490
1076 752 901 689
810 642 406 603
565 578 413 507
715 172 203 137
715 137 203 498
873 743 788 902
954 887 789 913
723 565 507 578
808 759 688 551
756 590 269 758
756 758 657 635
756 269 657 758
662 321 332 555
790 524 189 577
636 326 334 319
636 536 334 592
682 258 249 271
728 592 536 829
572 236 234 258
955 750 779 931
252 659 278 491
961 674 747 930
606 1051 822 604
1050 303 585 301
1036 1038 825 915
900 758 554 543
521 629 162 550
821 534 588 610
480 750 928 955
786 588 202 527
532 588 527 1093
364 213 687 623
798 1095 622 823
796 638 664 533
722 702 532 105
882 747 1000 961
891 843 700 849
752 1076 901 808
268 289 265 1052
679 577 524 874
572 704 236 258
526 536 311 508
645 91 378 344
801 1075 730 854
688 1076 808 694
901 812 752 808
581 90 378 645
950 901 854 881
662 599 321 555
891 476 965 977
683 504 172 715
683 172 203 715
683 203 498 715
753 596 116 1066
549 910 828 873
813 560 707 424
652 552 155 671
564 313 320 81
1087 1 111 851
652 155 170 671
559 400 349 354
712 1105 831 100
1101 680 145 830
830 1104 1100 862
903 1006 957 724
796 816 638 533
145 1105 100 122
722 105 532 527
337 1104 435 686
798 520 622 556
831 100 105 722
991 1006 957 476
433 1104 711 435
640 1104 433 611
603 642 120 519
810 406 582 603
950 854 730 881
825 651 866 898
598 457 473 463
598 691 457 463
598 463 473 613
598 613 473 615
598 613 561 463
598 463 561 691
714 663 446 445
597 1058 669 762
592 636 806 593
647 94 455 209
647 455 94 714
612 459 454 466
916 684 446 792
647 209 455 540
847 950 944 838
572 682 704 258
479 777 950 944
975 509 585 772
724 701 522 297
900 543 554 880
886 743 516 788
402 1084 424 601
832 803 503 523
990 776 980 928
818 683 504 649
793 254 232 205
653 1072 657 595
647 1067 782 224
891 700 649 849
886 788 516 492
849 700 869 843
808 759 571 688
808 752 571 759
39 709 80 315
751 609 582 838
751 752 609 838
881 615 581 730
805 681 495 698
562 1062 553 791
228 1061 217 261
778 1061 673 540
901 752 812 918
926 494 732 812
782 224 439 647
736 612 535 740
490 1039 580 567
827 670 606 497
846 491 614 659
792 438 437 446
876 845 844 866
780 461 452 456
780 452 461 597
562 1062 103 553
189 193 790 176
807 448 86 626
626 316 106 87
807 555 312 599
450 1073 443 719
626 87 106 443
805 698 495 849
841 598 561 691
916 446 663 792
891 1004 748 843
866 825 876 845
1006 701 892 803
834 703 653 635
829 592 536 636
807 312 555 626
776 990 980 948
492 626 99 715
492 113 99 626
1084 884 795 560
492 555 516 310
492 310 316 555
669 597 471 474
733 617 618 549
793 205 232 703
780 669 729 587
833 703 635 793
624 360 414 407
624 373 360 407
624 568 373 407
624 567 360 566
624 414 360 567
748 203 157 498
843 648 501 700
579 307 272 280
637 700 198 648
637 495 198 700
903 758 724 917
589 84 441 653
794 788 508 743
788 794 508 768
513 295 285 575
515 177 184 529
621 1095 823 619
689 1081 854 387
695 558 287 678
805 495 681 850
500 698 193 681
902 768 788 836
805 849 495 850
1039 837 490 735
307 579 272 510
910 504 698 818
476 994 957 902
974 523 803 832
565 412 413 578
251 784 489 870
824 1020 723 872
898 542 651 565
624 407 651 568
759 1080 571 121
898 651 542 825
512 407 414 429
836 683 504 818
512 414 407 624
951 819 641 894
853 722 532 527
520 1091 622 765
623 1090 619 223
890 816 815 948
821 816 534 610
655 666 578 602
655 602 380 665
655 633 666 602
655 665 633 602
849 850 956 889
193 189 790 524
256 1098 639 741
662 555 332 508
662 508 332 630
662 332 703 630
748 683 203 498
708 52 215 218
834 653 703 589
834 635 653 657
746 183 186 539
952 1031 844 924
828 500 618 505
746 539 186 641
803 523 522 503
701 1006 522 803
829 974 574 794
800 670 590 543
445 1070 663 438
781 714 540 647
756 657 245 635
1080 661 721 571
1069 1067 657 225
164 139 886 549
806 770 656 593
572 682 249 523
636 236 234 572
955 931 779 972
829 536 572 636
781 540 554 647
777 659 614 488
891 1004 843 883
1051 1049 290 822
843 869 648 700
881 581 615 694
484 961 887 954
960 803 804 937
742 1004 748 883
892 787 497 897
829 806 682 832
935 663 668 792
944 847 837 801
892 497 827 897
828 549 618 500
1069 657 245 225
668 1070 663 835
371 1099 711 398
957 903 724 917
1043 1045 521 169
1043 1045 162 521
790 183 746 577
825 866 876 898
232 72 793 327
856 845 569 624
856 699 569 845
313 564 320 744
851 352 353 764
879 979 936 876
941 1017 952 936
936 979 844 876
671 610 135 534
816 638 557 610
794 902 788 743
804 502 503 701
979 936 844 952
347 1092 556 520
1081 489 420 658
712 1105 830 831
145 1105 712 100
663 935 668 835
804 701 503 803
579 673 272 510
579 241 272 673
579 625 241 673
669 474 475 452
786 546 539 173
786 173 539 538
786 202 173 538
520 640 687 391
520 391 367 640
831 712 100 722
958 795 797 558
853 702 532 722
480 799 747 514
845 697 699 569
861 675 705 559
183 790 746 710
1056 737 1021 591
695 537 295 299
695 575 295 513
695 295 537 513
850 495 681 634
574 330 322 620
784 1057 491 252
330 574 322 630
777 614 659 846
951 641 712 538
839 583 579 729
207 1102 256 222
826 141 112 720
906 705 518 826
548 732 648 494
908 671 135 534
816 557 638 533
908 170 135 671
893 648 506 548
512 651 407 429
512 407 651 624
167 633 605 824
1083 405 426 813
769 677 708 601
766 695 575 678
962 867 797 958
400 1089 559 707
877 896 695 754
816 671 534 610
1029 727 720 629
1098 1102 639 62
480 1009 799 514
790 710 505 789
878 1009 750 594
647 540 455 714
647 714 445 663
636 592 806 829
647 444 94 209
806 636 704 593
847 944 837 838
669 452 475 587
839 583 488 579
669 453 474 451
926 644 517 494
781 1060 922 880
900 880 554 781
184 1011 546 515
515 177 529 550
515 679 177 550
855 764 671 557
568 1021 737 591
754 558 678 685
665 1029 820 676
906 518 720 826
348 1086 783 395
867 533 816 796
725 705 706 676
769 716 685 678
705 1029 518 676
1029 727 915 725
512 493 414 567
872 1024 925 824
656 320 82 564
978 715 767 836
763 618 150 563
780 587 452 669
780 452 597 669
780 230 229 625
780 461 230 597
780 597 230 625
839 730 583 729
908 890 816 815
709 1101 680 104
825 1038 542 915
696 1083 426 813
855 552 671 764
576 282 244 207
576 207 244 631
774 608 207 631
885 1099 672 741
371 1099 672 711
727 1029 915 820
958 685 754 769
826 705 518 530
826 112 518 720
826 518 112 530
844 755 713 699
874 1026 679 775
598 694 457 688
598 688 457 691
1076 854 385 689
808 598 688 694
900 758 543 800
528 1004 785 501
842 644 693 528
841 613 561 598
620 572 234 231
800 758 724 903
636 572 704 236
564 919 672 656
852 1099 711 672
816 610 557 671
389 1091 623 765
520 1092 853 532
719 443 450 448
893 548 506 1003
596 1073 719 498
867 797 796 962
923 582 751 810
582 923 751 837
669 613 453 451
669 471 451 474
748 501 191 700
724 297 756 296
297 724 756 522
691 1065 561 841
669 451 471 612
729 615 587 669
905 956 986 875
1057 566 233 580
856 845 624 866
1032 1050 713 650
924 1051 1050 604
850 681 809 634
837 847 838 658
691 1065 693 561
856 566 567 624
866 512 565 651
975 804 585 502
739 509 298 513
763 563 150 709
483 1021 731 766
1053 289 268 1052
611 686 702 722
975 585 804 772
532 1096 654 390
853 520 532 702
853 520 702 611
853 702 722 611
919 564 672 852
806 584 704 682
636 572 234 620
636 234 319 620
636 620 536 572
636 334 536 620
636 319 334 620
629 1029 665 518
809 1042 634 1041
769 678 685 754
904 640 520 611
823 646 621 619
737 845 825 651
829 574 523 572
893 732 869 648
1051 606 300 604
1013 1040 496 506
1003 811 506 992
824 1040 605 167
782 657 554 835
438 1072 447 440
1072 438 447 668
833 703 630 662
356 1102 639 608
297 497 724 701
742 147 596 498
833 630 703 793
3 1080 366 109
880 726 800 543
517 1004 785 843
929 767 864 807
800 543 590 758
476 903 957 994
793 254 231 232
793 231 254 574
597 669 471 762
794 536 630 574
793 635 205 703
1030 507 810 923
478 249 523 574
904 611 520 853
834 703 635 833
1009 607 899 799
884 895 725 860
816 671 557 855
873 788 743 886
830 712 680 145
933 1092 798 821
961 887 802 930
819 1008 641 949
1049 1055 275 277
484 954 882 961
860 675 717 706
737 651 568 845
737 718 697 568
916 446 95 714
438 1070 668 595
835 657 554 758
528 1064 842 871
726 880 800 993
836 683 715 504
841 693 644 691
1055 531 275 699
512 567 414 624
988 1003 918 893
512 651 429 565
915 542 676 706
665 1027 633 820
856 566 699 745
856 567 566 745
1026 1025 968 914
552 1089 855 861
809 194 681 524
809 586 190 524
866 512 651 624
870 544 253 583
491 1039 735 1028
569 373 360 624
569 360 227 566
569 624 360 566
856 699 566 569
737 568 697 845
856 566 624 569
1062 553 528 201
778 714 455 540
729 587 615 730
778 612 714 540
644 1065 841 842
881 598 694 615
926 494 517 732
552 1083 764 855
424 1089 405 707
669 780 729 625
858 529 550 515
858 550 529 814
739 285 575 513
994 891 836 818
891 994 836 978
52 708 215 363
916 95 446 684
612 684 459 916
679 982 868 874
880 543 510 726
1058 1060 471 762
974 803 794 832
959 785 840 883
531 1031 920 822
790 176 193 500
786 527 202 538
830 831 686 712
862 1104 611 686
862 712 686 722
588 1096 821 654
862 722 686 611
855 671 552 652
904 640 711 771
956 905 986 486
769 716 678 766
821 786 527 588
904 711 862 852
520 1091 765 798
800 1002 726 848
909 926 785 732
812 660 494 548
834 589 703 662
833 630 508 662
902 794 788 768
834 662 703 833
993 880 922 857
833 662 508 768
715 683 978 498
851 381 392 353
851 353 392 764
405 1083 426 764
939 806 592 728
757 563 709 680
790 505 176 500
757 709 563 773
904 771 711 852
798 1091 823 622
564 1100 757 499
683 715 978 836
505 1008 710 563
911 1012 863 513
860 725 675 706
806 919 939 525
790 505 828 789
1045 521 633 629
1008 819 757 949
837 493 490 658
811 519 151 496
837 1039 490 493
506 1024 634 907
507 1022 734 642
811 151 163 496
811 721 519 751
693 561 463 691
1039 490 580 735
641 951 712 819
848 670 827 800
809 190 194 524
825 542 547 651
751 603 721 519
1019 1021 825 731
847 1079 838 609
838 658 609 582
810 1022 642 751
811 752 660 721
745 1039 856 567
566 1039 745 567
977 849 869 843
445 647 94 714
731 769 717 860
445 1070 647 663
784 490 658 837
845 699 755 844
899 573 607 741
915 676 542 820
875 681 524 809
908 158 135 170
837 658 582 493
844 699 531 745
834 599 589 662
1087 36 352 552
653 1072 589 834
792 684 449 865
1072 653 657 834
612 714 459 466
1023 1024 605 925
869 648 700 637
869 700 495 637
907 850 637 869
804 1007 486 960
822 846 491 614
639 398 356 1103
848 614 670 488
864 498 596 719
864 719 596 667
922 1060 1058 762
789 757 919 484
828 927 983 910
780 229 456 645
780 541 229 645
780 625 229 541
945 1002 777 999
950 730 583 839
1027 1025 727 629
850 637 495 634
850 495 637 869
957 768 794 902
957 917 833 768
865 449 562 684
993 857 922 943
784 489 658 490
463 693 110 460
811 751 752 721
841 615 613 598
904 711 640 611
35 753 34 442
489 251 216 490
836 788 873 886
878 761 646 576
774 207 282 576
820 542 602 676
817 507 565 512
777 479 950 945
893 506 648 637
918 838 752 751
817 565 507 723
817 512 565 866
856 1030 941 512
910 818 698 805
904 862 711 611
733 828 618 763
476 891 965 994
829 572 536 574
833 508 630 794
833 768 508 794
878 576 594 761
904 862 611 853
646 1091 623 619
896 558 621 761
873 504 818 836
805 849 818 698
858 550 679 515
727 550 629 521
756 269 245 657
960 804 803 892
994 917 903 957
867 1083 696 813
476 960 803 892
834 599 668 1072
636 806 704 829
605 1044 586 914
943 842 785 926
918 548 660 812
918 660 548 811
751 582 603 810
918 660 752 812
918 752 660 811
706 1029 725 676
958 795 685 769
863 695 537 513
878 594 576 779
769 1012 895 766
873 836 818 902
808 841 812 551
789 757 484 949
747 514 509 513
849 891 476 818
891 849 476 977
744 331 313 511
829 574 536 794
829 572 682 704
961 975 674 802
608 687 213 631
951 641 538 894
646 1091 823 765
878 576 646 765
919 770 656 806
847 489 801 1081
744 313 709 511
744 511 709 773
819 852 862 757
158 908 135 534
919 656 525 806
913 733 763 828
920 846 491 822
875 524 681 927
725 675 705 861
525 335 592 328
899 741 607 771
718 1021 737 766
876 845 825 755
1018 755 570 713
251 489 216 870
857 510 673 579
848 606 670 614
526 335 592 939
950 839 583 777
791 469 464 561
848 670 606 827
936 1017 879 997
946 614 846 822
951 862 712 819
933 538 722 527
603 1022 519 751
837 582 658 838
672 919 885 656
681 850 809 875
893 907 506 637
1002 800 543 670
575 1012 695 766
880 510 540 673
513 1012 863 695
880 857 510 673
1085 559 354 552
831 722 686 712
700 1004 748 501
680 1101 145 118
879 925 968 914
831 105 345 702
831 722 105 702
831 722 702 686
438 792 437 668
913 763 733 939
476 1006 892 803
829 704 682 806
893 637 648 869
1037 512 941 1030
898 542 565 602
992 1013 628 872
920 531 491 745
920 491 531 822
856 512 624 567
856 624 512 866
856 845 866 844
856 844 699 845
856 745 699 844
898 602 565 760
565 666 723 760
740 561 451 535
884 601 675 707
895 769 766 731
888 779 774 771
888 904 779 771
894 539 868 746
909 785 926 943
909 785 843 732
946 846 614 848
897 606 497 827
606 1033 946 604
912 848 800 726
512 1039 567 856
952 1033 1031 924
808 551 688 691
839 488 510 579
484 930 770 887
839 1002 510 488
864 498 719 767
489 784 658 801
535 865 684 1064
912 827 800 848
849 869 495 850
792 449 667 865
864 1071 1068 668
484 770 919 887
759 752 721 660
759 571 721 752
808 691 688 598
950 777 583 801
881 694 598 808
911 1012 766 863
578 1022 496 642
732 548 648 893
934 650 509 772
884 675 601 860
919 806 939 913
884 560 601 707
1092 520 798 556
964 513 537 514
826 141 720 652
725 1029 705 676
349 1085 559 354
884 860 601 769
860 717 675 601
860 769 717 601
344 1074 645 208
929 834 768 662
929 662 599 834
753 442 449 450
753 450 449 667
865 1064 562 871
907 634 506 637
893 907 637 869
907 850 634 637
800 590 670 497
800 497 670 827
724 758 590 756
724 497 590 800
849 495 649 698
917 635 657 758
749 727 915 820
841 644 551 691
479 812 548 918
526 333 335 939
808 752 660 812
808 660 752 759
849 698 649 818
849 649 495 700
849 700 495 869
966 1024 850 925
963 869 732 843
714 612 459 916
917 657 635 834
961 747 674 975
964 514 537 750
964 537 513 863
352 1087 552 851
954 790 828 789
911 575 513 739
914 633 169 521
829 636 572 704
878 877 537 750
802 674 503 502
585 1032 772 650
875 681 805 927
952 920 846 941
862 853 722 611
925 879 968 985
830 712 686 862
338 1105 830 1101
885 690 573 741
921 1019 755 825
773 1008 789 563
852 564 672 711
829 523 682 572
743 526 508 794
892 787 486 804
929 1071 668 807
865 1068 667 792
727 749 915 995
841 808 812 996
36 1087 200 552
916 95 459 714
808 660 551 812
808 551 660 759
808 841 691 598
808 551 691 841
583 253 659 263
878 761 537 877
933 527 722 853
796 664 638 556
901 854 689 847
1068 935 840 864
917 758 657 835
917 835 657 834
338 830 499 1101
783 1082 600 692
877 754 695 863
821 588 534 786
984 858 529 814
908 855 816 890
871 785 842 528
742 864 498 596
917 635 833 834
871 528 553 742
891 649 818 849
748 498 157 742
748 157 501 742
734 507 723 817
809 1024 605 1023
950 777 801 944
200 352 1 1087
960 892 956 486
884 814 861 725
727 1029 720 906
867 533 557 816
861 707 559 1089
867 557 855 816
962 816 796 867
908 815 814 890
788 836 873 902
908 814 855 890
868 577 539 515
671 552 851 764
303 1053 1050 650
924 713 531 844
852 757 564 711
561 740 451 613
1040 824 1013 496
829 682 523 832
733 526 743 728
700 748 843 891
819 1008 757 680
956 476 805 849
778 1060 612 540
582 1030 923 837
929 668 864 935
865 1068 792 840
977 869 849 889
865 553 562 753
901 838 752 918
785 732 517 843
333 511 331 939
980 895 984 890
733 618 627 763
220 1102 1098 62
787 892 486 897
886 767 788 492
767 886 788 836
983 937 991 960
937 983 991 981
728 794 536 526
716 718 575 766
530 1085 108 826
861 552 652 855
1089 552 855 1083
855 1089 813 861
861 652 814 855
845 624 651 568
845 569 624 568
845 568 697 569
845 651 624 866
956 889 476 849
899 931 799 930
919 525 656 744
615 729 987 740
1026 874 679 586
1070 1072 835 668
478 205 279 254
478 279 205 635
478 522 279 635
834 768 662 833
484 852 757 919
724 800 827 497
964 513 514 747
956 1005 476 889
480 750 514 964
899 607 779 771
747 674 514 799
477 878 779 955
737 651 547 568
737 547 651 825
1019 845 697 755
734 723 496 1020
845 1019 737 825
857 1060 922 762
874 679 586 524
927 681 698 500
906 652 720 814
839 1002 777 726
800 1002 543 726
488 670 848 1002
510 1002 670 488
999 1002 777 848
800 1002 848 670
543 1002 670 510
839 1002 488 777
614 1002 848 777
945 1002 999 726
628 1003 907 992
700 1004 843 748
811 1003 918 992
1003 1013 506 907
479 1003 893 918
988 1003 992 918
811 1003 548 918
628 1003 893 907
976 1003 992 988
785 1004 883 843
827 956 1005 897
891 1004 883 748
700 1004 501 843
528 1004 742 785
517 1004 501 785
742 1004 883 785
528 1004 501 742
724 1005 903 892
481 1005 912 977
977 1005 476 903
897 1005 827 892
724 1005 827 903
912 1005 827 889
956 1005 892 476
977 1005 889 476
827 481 800 1005
1006 476 903 957
937 960 983 1007
974 1006 522 957
991 1006 476 803
903 1006 724 892
756 1006 522 724
974 1006 803 522
701 1006 724 522
756 1006 957 522
1007 975 961 937
486 1007 986 960
905 1007 942 927
882 1007 961 983
986 1007 983 960
746 1008 789 949
927 1007 983 986
942 1007 983 927
1007 804 937 960
878 1009 779 750
161 1008 641 680
505 1008 563 789
161 1008 710 641
773 1008 563 757
607 1009 899 779
480 1009 514 750
964 1010 947 953
878 1009 594 779
607 1009 594 799
537 1009 514 594
899 1009 799 931
537 1009 750 514
1000 953 868 1010
894 1010 955 1000
955 1010 480 1000
947 1010 868 953
868 776 894 1010
955 1010 928 480
964 1010 928 947
859 1010 868 947
184 1011 529 546
858 1011 984 529
984 1011 815 529
539 1011 515 546
184 1011 515 529
858 1011 515 859
938 1011 546 815
908 1011 529 815
984 1011 859 815
678 1012 769 766
863 754 695 1012
911 1012 575 766
483 1012 895 863
678 1012 695 754
575 1012 513 695
769 1012 754 895
483 1012 766 895
1012 911 575 513
1024 506 634 605
824 1040 1013 605
824 1024 925 605
1003 1013 992 506
1013 1020 496 872
628 1024 966 925
872 1024 1013 925
905 1014 486 985
905 1035 970 775
1015 1001 979 1014
486 1014 1001 985
966 1015 925 985
879 1015 979 1014
905 1014 973 486
772 1014 1001 486
985 1015 879 1014
879 628 997 1017
979 1017 1015 879
1017 936 979 952
749 1016 968 921
1035 921 968 1016
775 1016 969 989
936 1017 979 879
1016 775 749 968
1018 1035 932 979
1016 1034 738 932
1015 1017 952 628
1017 1037 936 941
976 1017 997 628
979 1017 952 1015
979 1018 844 755
268 1054 265 259
934 1018 772 932
1018 1034 932 570
1018 1053 713 570
1018 1035 979 973
934 1018 650 772
973 1032 1018 772
921 1019 738 755
1019 697 570 755
731 1019 483 825
845 1019 825 755
921 1019 825 738
766 1019 737 718
1019 1054 697 718
570 1019 738 718
1020 997 992 734
997 1020 992 872
824 1020 496 723
1013 1020 992 496
1013 1020 872 992
988 1022 751 992
992 1022 811 1020
568 1021 591 547
769 1021 731 717
547 1021 717 731
718 1021 766 716
591 1021 716 717
1021 766 769 731
825 1021 737 547
1019 1021 731 483
603 1022 642 519
496 1022 519 642
923 1022 810 751
811 1022 751 519
603 1022 751 642
578 1022 734 496
496 1022 811 519
507 1022 642 810
923 1022 734 810
1023 1026 586 970
605 1023 925 914
875 1023 809 970
679 1043 550 521
809 1024 634 605
985 1023 925 875
850 1023 809 875
850 1024 809 1023
875 1024 850 1023
521 1027 1025 633
1024 850 809 634
628 1024 1013 907
850 1024 907 634
824 1024 605 1013
506 1024 907 1013
628 1024 925 1013
966 1024 907 850
875 1024 925 850
679 1025 858 775
521 1026 586 914
969 1025 727 749
629 1025 727 521
858 1025 550 727
968 1025 749 914
633 1025 521 914
1025 1026 968 775
1025 679 858 550
679 1026 1025 775
1023 1026 970 914
968 1026 970 775
874 1026 970 586
521 1026 914 1025
727 1027 820 749
898 1027 760 749
665 1027 629 633
1025 1027 727 749
1027 1029 820 629
898 1027 820 760
914 1027 633 1025
521 1027 629 1025
491 1028 920 745
936 1028 941 856
844 1028 920 856
725 1029 727 906
506 1042 605 1040
936 1028 920 941
846 1039 1028 735
941 1039 856 1028
1029 629 665 820
705 1029 906 518
720 1029 629 518
706 1029 915 725
665 1029 676 518
1029 725 705 906
1027 1029 727 820
837 810 582 1030
1039 837 941 1030
1030 507 512 493
988 1030 837 923
837 810 1030 493
837 1039 941 735
988 1037 941 923
507 1030 512 817
512 1037 941 936
810 1030 923 582
837 810 493 582
1031 846 952 920
606 1033 822 946
846 1031 946 822
844 1031 531 924
1019 1034 738 755
1001 1033 1032 897
650 772 1018 1032
585 1032 604 772
713 1032 1018 924
973 1032 979 1018
585 1032 650 604
1001 1032 924 979
1014 1032 973 1001
1001 1033 897 946
822 1033 1031 946
952 1033 946 1031
1033 1051 604 531
897 1033 604 946
1033 531 822 1031
1032 1033 604 897
606 1033 604 822
911 1034 932 738
1016 1034 921 738
1018 1034 570 755
1019 1034 570 738
911 1034 570 932
1016 1034 932 921
575 1034 570 911
1014 1035 973 979
989 1035 775 1016
905 1035 973 985
921 1035 932 1016
985 1035 1014 968
775 1035 968 1016
1018 1035 973 932
921 1035 979 932
985 1035 973 1014
982 1035 989 973
731 1036 825 995
968 1036 749 921
1016 1036 995 921
820 1036 898 915
876 1036 825 898
968 1036 898 749
876 1036 921 825
483 1036 921 995
734 1037 997 923
1017 1037 997 936
988 1037 997 941
734 1037 923 817
1017 1037 941 997
512 1037 936 817
923 1037 1030 817
178 1040 506 165
706 731 725 1038
915 706 725 1038
542 1038 547 706
995 1038 725 731
825 1038 731 547
1038 825 542 547
1039 1028 745 856
1039 512 567 493
846 1039 941 1028
566 1039 580 745
490 1039 567 493
735 1057 1039 491
846 1039 735 941
1030 1039 856 941
167 1046 140 496
178 1042 1040 180
179 169 162 1043
167 1040 180 165
190 1041 194 181
138 148 115 1047
634 194 809 1041
809 1042 605 634
181 1042 1041 180
190 1041 809 194
605 586 1041 809
194 1042 1041 634
181 1042 605 1041
809 1042 1041 605
1043 1045 169 162
194 1042 180 1041
167 1042 181 180
1042 506 605 634
167 1042 605 181
178 1042 634 506
1044 179 521 1043
550 1043 162 521
169 1044 521 1043
679 1043 177 550
177 1043 162 550
124 151 120 1048
1041 1044 190 586
169 1044 605 914
169 1044 914 521
914 1044 586 521
1041 1044 181 190
521 1045 162 629
144 1045 633 148
162 1047 1045 148
665 1045 148 633
144 1045 169 633
506 1046 163 165
140 165 151 1046
124 1046 496 140
1046 167 165 1040
163 1046 151 165
140 1048 1046 151
167 1046 496 1040
506 1046 496 163
1047 629 518 138
629 1047 518 665
518 1047 115 665
629 1047 162 138
1047 629 162 1045
1053 303 291 289
153 1048 151 519
496 1048 519 151
153 1048 120 151
1046 1048 124 496
642 1048 519 496
140 1048 124 1046
822 1051 531 604
290 1049 277 822
491 1049 822 277
1049 1051 290 293
606 1051 290 822
290 1049 293 277
745 1049 531 491
531 1055 1049 745
585 1050 604 650
291 1051 293 1050
1051 291 713 1050
303 1050 585 650
585 1050 301 604
924 1050 1032 604
291 1051 275 293
303 1053 291 1050
275 1051 713 531
301 1051 1050 293
1051 713 924 1050
713 1051 924 531
1051 822 531 1049
301 1051 604 1050
1033 1051 924 604
606 1051 300 290
739 1052 285 289
1054 268 265 1052
265 1054 1052 718
285 1052 265 289
268 1053 1052 713
268 1054 259 697
1019 1054 570 697
739 1052 575 285
575 1052 265 285
1052 1053 570 713
568 1054 697 259
1018 1053 650 713
1053 739 1018 650
268 1053 713 291
570 1054 718 1052
257 1054 265 718
257 1054 259 265
566 1055 255 745
277 255 252 1055
1049 1055 491 745
259 1056 257 235
1058 857 625 729
729 740 669 1058
218 1056 235 257
1057 566 745 1055
1049 1055 277 491
745 1057 1055 491
737 1056 568 591
716 1056 218 257
218 1056 591 235
737 1056 718 568
1021 1056 591 716
1039 1057 745 491
255 1057 252 1055
251 1057 784 252
1039 1057 580 745
566 1057 233 255
233 1057 252 255
251 1057 580 784
735 1057 580 1039
987 1058 857 740
597 1058 625 669
612 1058 669 740
987 1058 729 857
597 1058 762 625
471 1058 669 612
1059 625 597 673
241 230 228 1059
261 1059 673 241
625 1059 241 673
597 1059 228 230
1059 1061 261 673
714 1060 781 540
762 540 880 1060
740 1060 922 612
471 1060 778 762
781 1060 880 540
736 1060 922 781
471 1060 612 778
714 1060 612 781
857 1060 880 922
736 1060 612 922
1060 922 1058 740
1061 778 228 217
778 1061 1059 673
240 1061 261 217
1059 1061 228 261
117 791 693 1062
154 1062 201 117
1062 562 103 117
528 1062 693 791
1062 528 154 201
103 1062 201 553
693 1062 154 1063
691 1063 110 693
32 1063 117 693
32 1063 110 117
644 1063 152 691
152 1063 110 691
460 1063 110 32
562 1064 535 791
740 1064 736 842
535 865 562 684
528 1064 871 791
865 1064 871 684
736 1064 871 842
791 1065 1064 561
740 1064 535 736
684 1064 871 736
1065 842 791 1064
987 1065 740 842
613 1065 561 740
535 1065 1064 740
644 1065 693 841
987 1065 841 740
613 1065 841 561
691 1065 841 693
644 1065 842 693
791 1065 561 693
34 1073 1066 114
147 1066 116 596
667 1066 719 596
1066 667 450 753
34 1066 116 114
442 1066 450 753
1069 1067 78 441
439 1067 224 782
554 1067 250 782
441 1067 439 782
77 1067 439 78
657 1067 782 250
554 1067 224 250
647 1067 224 554
667 1071 864 719
935 1068 792 668
865 1068 840 667
449 1068 437 792
929 1071 864 668
935 1068 840 792
840 1068 864 667
450 1071 437 667
667 1071 437 1068
1070 438 668 663
79 653 212 1069
441 1069 653 79
245 1069 212 653
647 1070 781 663
782 1069 653 441
1067 1069 657 782
657 1069 653 782
439 1070 445 438
1070 1072 668 595
781 1070 835 663
647 1070 554 781
554 1070 835 781
439 1070 782 445
450 1071 719 448
667 1071 1068 864
447 1071 448 807
782 1072 595 657
929 1071 807 864
599 1071 668 447
835 1072 834 668
440 1072 589 595
782 1072 657 835
653 1072 595 589
440 1072 599 589
1070 1072 595 835
657 1072 834 835
447 1072 599 440
106 114 137 1073
1073 443 626 106
443 1073 626 719
1073 34 33 114
1073 498 626 719
33 1073 106 443
450 1073 719 1066
253 1074 238 544
541 1074 544 238
419 1079 388 609
253 1074 219 238
229 1074 208 541
645 1074 544 541
378 1075 645 545
581 1075 730 645
1075 544 801 730
544 1075 801 545
378 1075 581 645
881 1075 581 854
801 1075 854 545
901 1076 689 881
358 1076 571 694
881 694 808 1076
581 1076 694 881
759 1077 571 688
688 1076 571 808
854 1076 385 581
385 1076 694 581
358 1076 689 571
752 1076 808 571
688 1076 694 571
342 1077 102 688
759 1077 132 121
571 1077 121 342
22 1077 102 342
489 216 870 1078
545 1078 344 377
1078 545 344 544
253 1078 870 216
1074 1078 544 253
11 1078 64 216
1078 344 64 219
1078 344 1074 544
387 1079 388 689
752 1079 661 609
419 1079 661 388
1079 752 571 689
838 1079 689 752
366 1079 661 571
847 1079 689 838
23 109 121 1080
1080 366 342 23
366 1080 342 571
146 1080 759 121
342 1080 121 571
661 1080 109 366
3 1080 23 366
1080 721 146 759
847 489 1081 658
609 1081 658 847
378 1081 854 545
783 1082 350 600
1081 854 801 847
689 1081 847 854
377 1081 545 420
489 1081 545 801
1082 685 262 600
51 1082 692 243
1082 1088 692 243
350 1082 348 211
262 1082 211 243
1082 348 51 692
242 1082 211 262
764 557 855 1083
685 1084 677 769
552 1089 861 559
867 1083 855 557
1094 223 248 214
696 1083 557 426
409 1083 764 426
1089 405 1083 813
395 1084 402 677
2 1085 354 36
884 1084 601 560
685 1084 795 677
677 1086 1084 692
424 1084 560 601
884 1084 769 601
1084 395 402 424
155 108 200 1085
1085 1087 552 200
652 1085 826 155
36 1085 200 108
530 1085 559 108
141 1085 155 826
652 1085 552 826
354 1085 552 36
2 1085 108 354
349 1085 108 559
692 1086 1084 795
408 1086 696 395
797 1086 867 696
867 1086 560 696
348 1086 692 783
408 1086 783 696
797 1086 783 795
1084 1086 395 560
867 1086 795 560
200 352 36 1
1087 155 111 200
552 671 851 1087
155 1087 671 552
1 1087 111 200
111 1087 851 671
1085 1087 200 155
352 1087 851 1
708 247 1088 716
12 1088 51 355
363 1088 355 677
1082 1088 243 685
247 1088 243 215
51 1088 243 692
884 1089 707 861
355 1088 692 677
363 1088 215 355
12 1088 215 51
400 1089 405 559
623 1090 646 619
884 1089 813 707
552 1089 405 1083
855 1089 1083 813
400 1089 707 405
424 1089 813 405
552 1089 559 405
308 1090 248 646
60 1094 214 223
60 1094 223 619
213 1090 223 244
308 1090 223 248
798 1091 765 823
1091 646 623 765
621 1095 643 823
646 1091 619 823
520 1091 798 622
357 1091 623 622
621 1095 619 643
389 1091 622 623
357 1091 619 623
1092 1096 556 821
853 527 532 1092
520 1092 798 853
1092 933 798 853
588 1092 532 527
347 1092 520 532
798 1092 556 821
532 1096 588 654
105 1093 46 532
142 1093 202 588
1093 46 45 119
619 621 214 1094
202 1093 527 588
46 1093 45 368
368 1097 588 1093
136 1093 527 202
1094 646 248 1090
646 1094 248 621
223 1094 248 1090
309 1094 248 214
386 1094 214 60
619 823 1091 1095
417 1095 622 664
823 1095 622 1091
1095 798 556 796
798 1095 556 622
417 1095 619 622
556 1095 796 664
386 1095 619 417
798 1095 823 796
816 1096 610 821
1093 588 142 1097
62 1098 340 639
390 1096 654 638
610 1096 654 821
1092 1096 821 588
1097 45 119 1093
45 1097 119 107
1097 135 534 142
119 1097 142 107
375 1097 368 45
368 1097 1093 45
534 1097 588 610
654 1097 588 375
256 1098 239 220
340 1098 632 639
885 1099 741 771
207 1102 774 256
61 1098 632 340
771 1103 1099 639
340 1099 339 398
852 1099 771 711
711 1099 640 398
632 1099 672 339
1099 632 340 339
741 1099 639 771
564 1100 371 711
830 1104 686 1100
862 1100 757 711
371 1100 336 435
686 1100 435 830
862 1100 830 757
564 1100 499 336
1100 564 371 336
118 1105 145 122
104 1101 343 499
680 1101 499 830
1105 338 830 346
1105 118 145 1101
49 1101 338 343
1101 49 104 343
356 1102 62 639
63 1102 222 62
1102 220 256 222
256 1102 639 1098
888 1103 687 640
391 1103 398 640
1099 1103 640 398
687 1103 608 356
391 1103 356 398
771 1103 640 1099
862 1104 711 611
1103 888 687 608
433 1104 337 611
862 1104 1100 711
1100 1104 686 435
337 1104 686 611
640 1104 711 433
118 1105 48 1101
47 1105 831 346
145 1105 1101 830
1101 1105 48 338
1105 145 712 830
686 1105 346 831
47 1105 122 831
