456
0.285376 0.087821 0.005097
0.267550 0.041778 0.004525
0.230800 0.015522 0.005678
0.074028 0.014805 0.006389
0.273759 0.150101 0.006809
0.014261 0.086988 0.004931
0.030123 0.039991 0.005174
0.022292 0.150810 0.004629
0.217065 0.204134 0.005490
0.076042 0.200614 0.004720
0.027429 0.040552 0.111329
0.072411 0.015679 0.111501
0.230144 0.016115 0.113417
0.285808 0.087389 0.108828
0.268807 0.041652 0.111960
0.273889 0.149661 0.109363
0.022550 0.151205 0.111372
0.077191 0.200477 0.111095
0.218000 0.203462 0.113091
0.273630 0.150189 0.056459
0.022192 0.063489 0.005053
0.052076 0.027398 0.005782
0.105376 0.014958 0.005549
0.136730 0.015107 0.005064
0.168088 0.015250 0.004930
0.199446 0.015389 0.005136
0.018276 0.118899 0.004780
0.049167 0.175712 0.004675
0.249175 0.028650 0.005102
0.276463 0.064800 0.004811
0.188927 0.207896 0.005520
0.160592 0.209216 0.005449
0.132255 0.208172 0.005281
0.104043 0.205277 0.005036
0.279567 0.118961 0.005953
0.254861 0.168112 0.006369
0.235963 0.186123 0.005929
0.277307 0.064520 0.110394
0.249476 0.028883 0.112689
0.198634 0.013778 0.113927
0.167065 0.012570 0.113987
0.135477 0.012494 0.113599
0.103912 0.013532 0.112769
0.279849 0.118525 0.109096
0.236630 0.185528 0.111848
0.255259 0.167595 0.110606
0.049920 0.028115 0.111415
0.017199 0.066986 0.112527
0.014357 0.095132 0.112747
0.016350 0.123454 0.112334
0.105159 0.204944 0.111531
0.133337 0.207566 0.111951
0.161620 0.208292 0.112354
0.189889 0.206929 0.112734
0.040763 0.167629 0.111280
0.058977 0.184053 0.111187
0.214923 0.201891 0.032309
0.214485 0.201135 0.059289
0.215537 0.201681 0.086261
0.076612 0.200057 0.084506
0.076228 0.199940 0.057911
0.076038 0.200126 0.031314
0.028466 0.040770 0.031672
0.027485 0.041110 0.058214
0.027144 0.041035 0.084773
0.273695 0.150145 0.031634
0.022775 0.150982 0.084687
0.022811 0.150840 0.058000
0.022653 0.150781 0.031314
0.103429 0.126764 0.004534
0.153807 0.133193 0.004518
0.203263 0.120699 0.004531
0.253187 0.109311 0.004843
0.051227 0.057254 0.005459
0.050179 0.133850 0.004582
0.207004 0.180380 0.005041
0.246591 0.057488 0.004591
0.220038 0.042839 0.005254
0.088656 0.174719 0.004624
0.250868 0.083401 0.004774
0.252393 0.139252 0.005612
0.082549 0.043210 0.005549
0.043357 0.090917 0.004743
0.119060 0.044453 0.004816
0.120206 0.179352 0.004726
0.149222 0.181641 0.004979
0.178017 0.180590 0.004980
0.152289 0.042332 0.004771
0.184642 0.039906 0.005107
0.229519 0.160413 0.005283
0.220036 0.075401 0.004713
0.073098 0.075374 0.004875
0.078572 0.146526 0.004534
0.197367 0.151694 0.004542
0.136345 0.073072 0.004608
0.225918 0.132189 0.004629
0.137745 0.155206 0.004536
0.167352 0.154705 0.004584
0.110669 0.152447 0.004537
0.167888 0.069047 0.004809
0.080718 0.106727 0.004535
0.104196 0.075628 0.004592
0.224352 0.101554 0.004611
0.195953 0.064260 0.004920
0.118312 0.100066 0.004535
0.130583 0.125297 0.004527
0.178025 0.125552 0.004522
0.154582 0.102243 0.004530
0.190742 0.094358 0.004533
0.176094 0.097913 0.113028
0.206550 0.037772 0.113477
0.260869 0.105649 0.110321
0.101074 0.126478 0.112775
0.049326 0.056732 0.111623
0.250144 0.058142 0.111510
0.207573 0.179797 0.113403
0.044655 0.139252 0.112240
0.226433 0.049676 0.113120
0.089152 0.175453 0.112146
0.254231 0.083837 0.110851
0.251614 0.134700 0.110917
0.080941 0.043221 0.111778
0.228986 0.159152 0.112694
0.180548 0.040030 0.113637
0.043977 0.084139 0.112421
0.120772 0.178229 0.112587
0.178392 0.179579 0.113178
0.116449 0.042382 0.112429
0.065553 0.156570 0.112255
0.043126 0.112333 0.112812
0.149778 0.180966 0.112818
0.149321 0.041232 0.113439
0.226508 0.078870 0.112656
0.071507 0.074220 0.111929
0.071013 0.126332 0.112673
0.198977 0.155465 0.113736
0.102178 0.071022 0.112169
0.139134 0.153505 0.113335
0.166366 0.153824 0.113561
0.133318 0.069596 0.112528
0.111734 0.153768 0.113051
0.218838 0.131435 0.113387
0.087692 0.147851 0.112937
0.164380 0.069377 0.113128
0.064330 0.099401 0.112435
0.089232 0.099825 0.112331
0.198850 0.069044 0.113378
0.235889 0.106725 0.111873
0.187100 0.128479 0.113477
0.127719 0.126141 0.112998
0.116314 0.098644 0.112552
0.156599 0.126132 0.113238
0.145106 0.098168 0.112798
0.206787 0.102072 0.113312
0.161850 0.205792 0.048665
0.182087 0.203807 0.061755
0.121950 0.205608 0.029020
0.103254 0.202502 0.053932
0.187465 0.204436 0.084646
0.189245 0.204248 0.038598
0.098183 0.202961 0.026964
0.097424 0.201981 0.084800
0.146271 0.207743 0.028198
0.122707 0.204334 0.083311
0.155101 0.206770 0.081252
0.169317 0.206698 0.025345
0.135811 0.205204 0.055425
0.065164 0.019016 0.032866
0.075217 0.014345 0.058948
0.254343 0.166763 0.052757
0.232123 0.185861 0.043073
0.249139 0.171246 0.028926
0.277850 0.127848 0.032404
0.239505 0.181762 0.079799
0.045359 0.030578 0.027186
0.043885 0.031683 0.090523
0.121844 0.013448 0.032000
0.213842 0.014698 0.086723
0.281381 0.075441 0.084239
0.281205 0.076131 0.031332
0.282982 0.102007 0.031902
0.121075 0.012981 0.086293
0.214635 0.014789 0.032220
0.239256 0.021079 0.086373
0.092120 0.013999 0.032195
0.091009 0.014188 0.085774
0.240203 0.021587 0.031454
0.258825 0.034382 0.085731
0.183460 0.014432 0.032352
0.182596 0.013596 0.086339
0.272788 0.052412 0.084564
0.263660 0.159661 0.080950
0.283111 0.103022 0.083360
0.277009 0.133965 0.082820
0.272447 0.053124 0.031384
0.259094 0.034987 0.031666
0.152505 0.013578 0.032317
0.151531 0.012031 0.086282
0.280344 0.117228 0.057618
0.046240 0.029763 0.058712
0.198420 0.013285 0.059347
0.167528 0.012401 0.059250
0.136987 0.012297 0.059179
0.105918 0.013327 0.059067
0.286051 0.087752 0.057864
0.227149 0.014160 0.059153
0.276950 0.063473 0.057949
0.268362 0.040875 0.058439
0.249068 0.027265 0.058857
0.064089 0.019805 0.084772
0.038422 0.165525 0.031174
0.040124 0.167156 0.093399
0.036951 0.164038 0.075472
0.049180 0.175123 0.054444
0.057084 0.182546 0.079184
0.060284 0.185704 0.031178
0.014761 0.082535 0.087670
0.017615 0.119278 0.058463
0.020385 0.063094 0.067900
0.013102 0.091736 0.060465
0.019356 0.068210 0.037294
0.018973 0.129294 0.031535
0.021534 0.059448 0.092504
0.019952 0.130624 0.085681
0.015017 0.101768 0.032289
0.016449 0.106980 0.086230
0.195376 0.115107 0.084838
0.212688 0.135265 0.080888
0.116280 0.156073 0.058547
0.085613 0.145580 0.056573
0.168560 0.120138 0.063196
0.104141 0.087397 0.079132
0.200548 0.108470 0.062964
0.184908 0.085808 0.046499
0.088615 0.086141 0.060262
0.188386 0.123343 0.046503
0.144889 0.182155 0.045758
0.164690 0.173884 0.090712
0.161713 0.182602 0.065729
0.159585 0.107939 0.085590
0.212085 0.061157 0.031011
0.168071 0.032492 0.030792
0.044706 0.130102 0.048796
0.193828 0.174431 0.043844
0.065374 0.156470 0.037986
0.194902 0.088049 0.084727
0.164904 0.049836 0.086736
0.069874 0.129038 0.035448
0.234391 0.149467 0.090776
0.256738 0.083344 0.050409
0.153757 0.037933 0.060408
0.254654 0.091980 0.070902
0.214638 0.146285 0.033364
0.110579 0.178464 0.037185
0.078745 0.160062 0.087719
0.257649 0.070026 0.092594
0.215167 0.039948 0.053930
0.249594 0.131003 0.065351
0.103973 0.111141 0.086244
0.214400 0.164229 0.087444
0.181917 0.038998 0.053371
0.225092 0.116647 0.086911
0.182519 0.057814 0.032186
0.108007 0.035094 0.080371
0.119869 0.064586 0.032501
0.095135 0.154704 0.031618
0.118207 0.058044 0.087845
0.037332 0.106150 0.064221
0.164531 0.173374 0.033034
0.232173 0.112550 0.027659
0.050226 0.098854 0.087442
0.233158 0.082471 0.029811
0.234009 0.043116 0.028019
0.054275 0.074816 0.033637
0.148117 0.079086 0.086152
0.150180 0.150191 0.033754
0.223993 0.157914 0.059830
0.184277 0.146115 0.087719
0.136993 0.038432 0.042304
0.174619 0.111803 0.033204
0.086869 0.065412 0.033626
0.051311 0.129732 0.086423
0.075151 0.095184 0.085328
0.111336 0.123385 0.037079
0.251585 0.120817 0.089866
0.063115 0.153196 0.067982
0.082327 0.061276 0.088624
0.195548 0.179090 0.076969
0.233474 0.045241 0.078699
0.205624 0.109070 0.032428
0.048180 0.069438 0.087713
0.082213 0.041137 0.073411
0.201403 0.032763 0.031659
0.154058 0.144587 0.087570
0.101086 0.094202 0.033766
0.100512 0.037781 0.040618
0.065352 0.049220 0.039998
0.250179 0.061298 0.070158
0.087896 0.132352 0.089082
0.043490 0.077617 0.060064
0.045809 0.111034 0.025334
0.136812 0.170337 0.088136
0.244291 0.140127 0.037978
0.252276 0.108020 0.039104
0.092136 0.174226 0.064755
0.181330 0.143600 0.028900
0.147354 0.116798 0.032892
0.197818 0.038129 0.081360
0.218600 0.064654 0.086344
0.245079 0.055161 0.049212
0.133284 0.089949 0.030400
0.131347 0.112333 0.083788
0.120340 0.145305 0.033313
0.101806 0.169306 0.092303
0.259478 0.070191 0.025980
0.233824 0.089455 0.087529
0.121510 0.143281 0.086892
0.151119 0.059061 0.033648
0.134570 0.031488 0.085821
0.123443 0.177797 0.065093
0.197630 0.083884 0.023950
0.224468 0.125539 0.050052
0.200005 0.155872 0.060398
0.199449 0.133259 0.063136
0.220808 0.175443 0.019722
0.226946 0.106408 0.062834
0.168520 0.066846 0.061279
0.119728 0.102581 0.057645
0.125806 0.083990 0.087720
0.144815 0.098191 0.061397
0.069001 0.072654 0.064531
0.185055 0.060858 0.086829
0.160598 0.138563 0.053302
0.106651 0.065494 0.060513
0.174080 0.152992 0.064037
0.196437 0.063658 0.062354
0.163070 0.085681 0.031876
0.147619 0.159820 0.061375
0.055566 0.048871 0.080941
0.064108 0.124849 0.064408
0.081993 0.176633 0.039796
0.169605 0.093824 0.061069
0.132886 0.168366 0.032414
0.064155 0.101507 0.050498
0.218988 0.087086 0.053119
0.123640 0.043382 0.062067
0.131134 0.128239 0.055979
0.229565 0.068119 0.059284
0.095312 0.114268 0.059335
0.106138 0.137587 0.070720
0.137938 0.057427 0.079000
0.136818 0.072076 0.058951
0.088795 0.092182 0.084621
0.105283 0.075155 0.035453
0.085315 0.121970 0.027026
0.114331 0.116178 0.062854
0.121678 0.141419 0.080567
0.160285 0.122454 0.062411
0.193447 0.145274 0.030616
0.209345 0.122012 0.086923
0.198893 0.111015 0.055156
0.211863 0.093294 0.027603
0.203443 0.075145 0.081344
0.127524 0.071371 0.034261
0.148139 0.087469 0.058183
0.135304 0.082185 0.057819
0.170716 0.073201 0.057491
0.128310 0.071037 0.057790
0.160709 0.082824 0.081966
0.172403 0.056189 0.081621
0.123796 0.055569 0.034118
0.183978 0.045443 0.082441
0.114112 0.045573 0.034220
0.147831 0.088044 0.033623
0.136058 0.082460 0.034087
0.170641 0.072699 0.032602
0.160959 0.082235 0.032669
0.172381 0.056802 0.032500
0.123724 0.056224 0.081956
0.184379 0.045316 0.032828
0.114111 0.045537 0.058024
0.127612 0.072835 0.082198
0.148250 0.087807 0.081938
0.135263 0.082287 0.081619
0.170855 0.073561 0.082132
0.160691 0.082460 0.057637
0.172377 0.056881 0.056467
0.123670 0.055687 0.058235
0.184552 0.045063 0.057469
0.113543 0.046081 0.081834
0.127605 0.070478 0.009983
0.147455 0.089047 0.008786
0.135293 0.083328 0.010294
0.171249 0.074603 0.007981
0.161168 0.083932 0.008944
0.171648 0.058406 0.009163
0.123296 0.055536 0.010197
0.184259 0.046622 0.006376
0.113383 0.045886 0.007337
0.127333 0.071862 0.102230
0.148801 0.087638 0.104164
0.135056 0.083758 0.103582
0.171145 0.071328 0.103420
0.160283 0.082012 0.104645
0.172190 0.055802 0.102776
0.123311 0.056172 0.102308
0.183581 0.044806 0.103132
0.113550 0.044157 0.102677
0.040897 0.098169 0.076870
0.040805 0.098274 0.104671
0.042347 0.114240 0.076305
0.042040 0.114927 0.105951
0.044878 0.114738 0.011095
0.040502 0.098268 0.011800
0.045275 0.115026 0.042783
0.041487 0.098846 0.041941
0.059020 0.160069 0.014428
0.060017 0.160580 0.107468
0.058884 0.160070 0.045152
0.071945 0.171635 0.107838
0.058452 0.159919 0.077857
0.072395 0.170816 0.045224
0.070777 0.170740 0.076784
0.072084 0.170834 0.014102
0.054174 0.051599 0.105997
0.052972 0.051253 0.076726
0.053391 0.051258 0.043983
0.052435 0.050076 0.010077
0.067608 0.040535 0.105042
0.068078 0.036925 0.043946
0.067787 0.036558 0.009203
0.067858 0.038488 0.075494
0.245240 0.051015 0.105569
0.244780 0.049800 0.042282
0.229624 0.039702 0.075579
0.230338 0.038840 0.008642
0.244686 0.051006 0.075277
0.245252 0.049128 0.010805
0.229219 0.040171 0.105104
0.230261 0.039304 0.042627
0.255451 0.114978 0.106734
0.256328 0.114344 0.075227
0.256236 0.114125 0.040609
0.256741 0.114886 0.010887
0.259173 0.100300 0.106629
0.259977 0.100589 0.074565
0.260244 0.099948 0.040511
0.259878 0.100694 0.010958
0.224861 0.170647 0.107521
0.225197 0.170374 0.075302
0.224888 0.170412 0.041907
0.225201 0.170833 0.012313
0.239307 0.160721 0.107390
0.239378 0.160671 0.075376
0.239291 0.161083 0.041746
0.238729 0.160591 0.012190
