690
184 212 384
489 506 364
463 451 5
331 5 330
187 255 23
77 3 129
308 305 40
280 30 414
430 78 51
8 112 74
385 123 5
252 572 75
213 446 288
174 287 288
80 179 125
10 82 45
486 4 48
281 123 8
131 593 287
448 603 494
248 424 104
6 83 135
53 136 84
44 166 84
48 14 85
14 86 85
43 207 71
71 236 9
65 188 214
151 53 172
203 438 11
447 55 137
386 88 15
22 89 387
447 69 55
248 660 424
86 14 46
14 167 18
99 119 65
386 15 138
170 20 121
108 313 314
92 91 208
18 116 93
219 267 155
161 54 109
19 139 87
20 146 94
230 92 27
25 70 194
194 150 25
29 168 217
81 343 223
89 22 64
30 225 415
416 225 30
385 513 234
24 52 28
34 98 61
168 428 117
190 144 449
353 33 149
215 353 190
149 157 28
322 173 323
384 1 184
276 42 36
162 252 75
371 39 372
31 72 227
448 105 157
100 401 196
38 106 307
35 489 215
334 608 126
266 115 481
159 101 153
198 36 219
379 657 277
306 41 435
118 36 42
118 42 98
57 43 110
6 253 43
323 19 322
44 132 166
81 45 133
77 180 45
46 18 68
18 46 14
347 95 333
179 47 78
48 10 14
48 82 10
111 431 430
93 117 49
365 497 39
50 159 201
115 266 206
430 51 73
146 97 52
52 94 146
278 277 26
53 84 172
161 109 31
109 54 59
55 56 139
447 137 323
56 55 313
24 313 94
207 43 57
207 57 170
165 438 79
91 58 143
142 295 90
142 188 59
136 343 7
60 62 202
233 232 61
111 430 73
62 60 481
295 115 90
63 214 223
14 10 188
96 64 147
22 177 64
119 99 28
65 63 99
114 322 124
199 66 95
194 70 67
68 18 67
68 67 70
138 46 222
315 314 69
69 71 315
70 210 222
210 70 177
236 71 69
71 9 83
66 401 100
72 105 120
253 110 43
11 76 162
486 74 487
209 73 51
171 592 463
74 456 487
102 275 193
32 342 227
64 414 141
291 292 77
130 78 47
51 78 130
79 127 234
175 572 73
80 166 132
80 132 47
81 10 45
223 10 81
82 48 4
134 82 4
83 43 71
83 6 43
223 136 53
136 44 84
281 8 85
8 48 85
138 15 86
281 86 15
216 248 104
56 24 87
213 88 89
88 186 140
23 89 141
23 213 89
295 62 115
59 54 295
20 58 91
91 231 20
208 91 17
92 176 144
67 93 49
18 93 67
24 56 313
94 52 24
21 348 168
191 145 481
187 415 255
280 96 148
97 28 52
28 97 149
117 428 49
25 150 98
28 99 24
151 24 99
195 100 101
152 100 195
314 16 108
101 100 153
197 154 378
148 102 193
367 103 50
366 495 367
140 592 171
104 156 216
31 105 72
157 105 31
158 200 106
200 72 106
253 271 76
218 107 226
108 121 160
160 94 108
28 109 119
31 109 28
11 110 76
110 11 122
116 266 145
111 163 204
385 2 112
2 164 112
113 131 205
205 165 113
137 19 323
114 125 173
206 167 115
145 21 116
169 267 219
116 21 93
93 21 117
143 437 189
34 118 98
34 169 118
59 119 109
119 59 65
37 305 120
120 105 37
121 108 16
170 121 16
122 57 110
189 438 165
171 123 281
8 123 112
166 124 84
84 124 172
114 80 125
179 80 47
5 451 330
2 126 164
23 446 213
162 127 203
347 191 95
128 178 211
7 129 185
180 129 7
130 1 181
295 142 59
131 113 330
494 603 228
183 132 3
287 174 131
180 7 133
133 7 81
45 82 134
141 414 187
206 266 116
83 9 135
236 344 211
185 136 7
447 323 12
137 139 19
138 86 46
46 68 222
55 139 137
87 139 56
15 88 140
15 140 452
64 141 89
154 415 225
90 167 142
188 142 14
79 438 203
17 91 143
92 144 27
27 144 190
95 481 60
95 191 481
27 146 230
146 27 97
147 64 177
192 147 25
276 148 42
192 148 96
27 353 97
28 157 31
150 61 98
61 150 194
151 99 63
63 53 151
333 100 152
95 66 333
196 38 153
311 50 103
255 154 197
193 416 30
74 486 8
311 103 155
372 229 371
365 364 156
149 33 157
448 157 33
38 158 106
124 322 19
159 107 101
50 107 159
94 160 20
160 121 20
62 54 161
62 161 202
75 127 162
216 275 248
76 110 253
111 73 163
74 164 126
164 74 112
113 165 79
127 79 203
114 124 166
166 80 114
90 115 167
167 14 142
168 117 21
152 348 347
36 169 219
118 169 36
58 20 170
170 57 58
451 593 330
463 123 171
172 124 19
87 172 19
323 173 12
173 125 12
277 174 182
174 277 278
373 643 368
175 73 209
208 176 92
26 144 176
25 147 177
177 70 25
78 178 128
305 306 435
128 125 179
179 78 128
180 133 45
129 180 77
130 181 51
364 506 154
182 174 288
447 236 69
183 47 132
62 295 54
134 4 184
212 184 4
44 136 185
13 213 288
140 186 13
213 186 88
208 418 278
23 141 187
65 59 188
214 63 65
143 189 17
17 189 165
26 449 144
33 353 215
168 348 217
191 21 145
147 192 96
233 428 168
275 658 248
30 148 193
194 67 49
49 61 194
384 181 1
217 195 29
100 196 153
77 404 291
5 513 385
197 378 379
155 103 198
463 592 451
221 32 199
32 158 199
220 200 32
200 158 32
159 40 201
40 435 201
202 161 31
227 202 31
256 446 23
203 11 162
135 204 6
163 6 204
26 208 278
205 17 165
18 206 116
167 206 18
207 170 16
16 71 207
367 495 103
176 208 26
0 175 209
154 506 378
22 210 177
68 70 222
236 211 9
211 178 9
384 212 0
123 463 5
186 213 13
494 37 448
214 188 10
223 214 10
215 190 35
224 215 489
193 275 416
416 216 225
195 217 152
659 660 248
218 195 101
101 107 218
76 271 162
219 155 198
72 200 220
220 227 72
221 95 60
199 95 221
222 210 22
22 386 222
53 63 223
128 344 125
0 608 175
33 215 224
216 156 225
225 156 154
252 271 163
34 218 226
223 343 136
220 32 227
371 229 228
371 228 224
277 657 26
490 229 373
20 230 146
231 230 20
231 92 230
231 91 92
34 232 218
61 232 34
29 233 168
232 233 29
385 234 2
235 2 234
234 127 235
331 330 113
152 347 333
236 447 12
87 244 172
172 244 151
24 244 87
151 244 24
25 425 192
148 425 42
276 102 148
364 154 156
275 216 416
256 23 255
256 255 197
197 182 256
372 497 373
204 264 111
135 264 204
9 264 135
178 264 9
145 266 481
115 62 481
226 267 34
34 267 169
162 271 252
163 271 6
271 253 6
365 39 364
181 502 51
131 174 278
424 103 495
30 280 148
30 415 187
452 281 15
281 85 86
129 285 185
185 285 44
44 285 132
132 285 3
3 285 129
288 287 13
291 184 1
292 291 1
292 3 77
183 3 292
292 293 183
183 293 47
47 293 130
130 293 1
1 293 292
40 305 435
37 306 305
494 306 37
107 50 311
40 307 308
308 307 106
196 401 320
153 309 159
40 309 307
159 309 40
38 309 153
307 309 38
313 108 94
55 314 313
69 314 55
315 71 16
315 16 314
158 320 199
38 320 158
196 320 38
291 404 184
45 404 77
173 322 114
75 325 127
127 325 235
175 325 75
227 342 202
221 342 32
331 113 79
217 348 152
100 333 66
325 334 235
2 334 126
235 334 2
175 334 325
497 643 373
60 342 221
202 342 60
7 343 81
211 344 128
12 344 236
125 344 12
363 659 658
353 149 97
353 27 190
347 348 191
191 348 21
36 363 276
198 363 36
658 659 248
198 659 363
371 224 39
192 425 148
491 367 41
39 497 372
182 197 379
104 368 156
156 368 365
379 378 35
379 277 182
331 513 5
373 366 490
495 366 373
495 368 104
372 373 229
51 502 209
384 502 181
232 383 218
218 383 195
195 383 29
29 383 232
75 572 175
112 123 385
386 138 222
387 386 22
387 88 386
387 89 88
305 400 120
72 400 106
120 400 72
308 400 305
106 400 308
199 401 66
320 401 199
184 404 134
134 404 45
187 414 30
96 414 64
280 414 96
255 415 154
278 418 131
131 418 205
205 418 17
17 418 208
198 660 659
42 425 98
98 425 25
49 428 61
61 428 233
264 431 111
178 431 264
78 431 178
430 431 78
189 437 11
11 437 122
58 437 143
122 437 57
57 437 58
11 438 189
182 446 256
288 446 182
448 37 105
449 379 35
449 35 190
228 603 224
330 593 131
281 452 171
171 452 140
456 212 487
126 456 74
212 456 0
0 456 126
155 471 311
226 471 267
267 471 155
311 471 107
107 471 226
8 486 48
487 212 4
487 4 486
224 489 39
39 489 364
490 41 306
491 41 490
366 491 490
367 491 366
175 608 334
449 657 379
424 495 104
495 373 368
50 496 367
201 496 50
435 496 201
41 496 435
367 496 41
494 644 306
306 644 490
209 502 0
0 502 384
378 506 35
35 506 489
79 513 331
234 513 79
73 572 163
163 572 252
451 592 13
13 592 140
13 593 451
287 593 13
224 603 33
33 603 448
126 608 0
368 643 365
365 643 497
228 644 494
229 644 228
490 644 229
26 657 449
102 658 275
276 658 102
363 658 276
103 660 198
424 660 103
