128
-0.050000 0.400000 0.000000
-0.050000 0.433333 0.000000
-0.050000 0.466667 0.000000
-0.050000 0.500000 0.000000
-0.016667 0.400000 0.000000
-0.016667 0.433333 0.000000
-0.016667 0.466667 0.000000
-0.016667 0.500000 0.000000
0.016667 0.400000 0.000000
0.016667 0.433333 0.000000
0.016667 0.466667 0.000000
0.016667 0.500000 0.000000
0.050000 0.400000 0.000000
0.050000 0.433333 0.000000
0.050000 0.466667 0.000000
0.050000 0.500000 0.000000
-0.050000 0.400000 0.014286
-0.050000 0.433333 0.014286
-0.050000 0.466667 0.014286
-0.050000 0.500000 0.014286
-0.016667 0.400000 0.014286
-0.016667 0.433333 0.014286
-0.016667 0.466667 0.014286
-0.016667 0.500000 0.014286
0.016667 0.400000 0.014286
0.016667 0.433333 0.014286
0.016667 0.466667 0.014286
0.016667 0.500000 0.014286
0.050000 0.400000 0.014286
0.050000 0.433333 0.014286
0.050000 0.466667 0.014286
0.050000 0.500000 0.014286
-0.050000 0.400000 0.028571
-0.050000 0.433333 0.028571
-0.050000 0.466667 0.028571
-0.050000 0.500000 0.028571
-0.016667 0.400000 0.028571
-0.016667 0.433333 0.028571
-0.016667 0.466667 0.028571
-0.016667 0.500000 0.028571
0.016667 0.400000 0.028571
0.016667 0.433333 0.028571
0.016667 0.466667 0.028571
0.016667 0.500000 0.028571
0.050000 0.400000 0.028571
0.050000 0.433333 0.028571
0.050000 0.466667 0.028571
0.050000 0.500000 0.028571
-0.050000 0.400000 0.042857
-0.050000 0.433333 0.042857
-0.050000 0.466667 0.042857
-0.050000 0.500000 0.042857
-0.016667 0.400000 0.042857
-0.016667 0.433333 0.042857
-0.016667 0.466667 0.042857
-0.016667 0.500000 0.042857
0.016667 0.400000 0.042857
0.016667 0.433333 0.042857
0.016667 0.466667 0.042857
0.016667 0.500000 0.042857
0.050000 0.400000 0.042857
0.050000 0.433333 0.042857
0.050000 0.466667 0.042857
0.050000 0.500000 0.042857
-0.050000 0.400000 0.057143
-0.050000 0.433333 0.057143
-0.050000 0.466667 0.057143
-0.050000 0.500000 0.057143
-0.016667 0.400000 0.057143
-0.016667 0.433333 0.057143
-0.016667 0.466667 0.057143
-0.016667 0.500000 0.057143
0.016667 0.400000 0.057143
0.016667 0.433333 0.057143
0.016667 0.466667 0.057143
0.016667 0.500000 0.057143
0.050000 0.400000 0.057143
0.050000 0.433333 0.057143
0.050000 0.466667 0.057143
0.050000 0.500000 0.057143
-0.050000 0.400000 0.071429
-0.050000 0.433333 0.071429
-0.050000 0.466667 0.071429
-0.050000 0.500000 0.071429
-0.016667 0.400000 0.071429
-0.016667 0.433333 0.071429
-0.016667 0.466667 0.071429
-0.016667 0.500000 0.071429
0.016667 0.400000 0.071429
0.016667 0.433333 0.071429
0.016667 0.466667 0.071429
0.016667 0.500000 0.071429
0.050000 0.400000 0.071429
0.050000 0.433333 0.071429
0.050000 0.466667 0.071429
0.050000 0.500000 0.071429
-0.050000 0.400000 0.085714
-0.050000 0.433333 0.085714
-0.050000 0.466667 0.085714
-0.050000 0.500000 0.085714
-0.016667 0.400000 0.085714
-0.016667 0.433333 0.085714
-0.016667 0.466667 0.085714
-0.016667 0.500000 0.085714
0.016667 0.400000 0.085714
0.016667 0.433333 0.085714
0.016667 0.466667 0.085714
0.016667 0.500000 0.085714
0.050000 0.400000 0.085714
0.050000 0.433333 0.085714
0.050000 0.466667 0.085714
0.050000 0.500000 0.085714
-0.050000 0.400000 0.100000
-0.050000 0.433333 0.100000
-0.050000 0.466667 0.100000
-0.050000 0.500000 0.100000
-0.016667 0.400000 0.100000
-0.016667 0.433333 0.100000
-0.016667 0.466667 0.100000
-0.016667 0.500000 0.100000
0.016667 0.400000 0.100000
0.016667 0.433333 0.100000
0.016667 0.466667 0.100000
0.016667 0.500000 0.100000
0.050000 0.400000 0.100000
0.050000 0.433333 0.100000
0.050000 0.466667 0.100000
0.050000 0.500000 0.100000
