120  4
0 1 13 10
1 2 14 11
3 4 16 13
4 5 17 14
9 10 22 19
10 11 23 20
12 13 25 22
13 14 26 23
18 19 31 28
19 20 32 29
21 22 34 31
22 23 35 32
27 28 40 37
28 29 41 38
30 31 43 40
31 32 44 41
36 37 49 46
37 38 50 47
39 40 52 49
40 41 53 50
0 13 9 10
1 14 10 11
3 16 12 13
4 17 13 14
9 22 18 19
10 23 19 20
12 25 21 22
13 26 22 23
18 31 27 28
19 32 28 29
21 34 30 31
22 35 31 32
27 40 36 37
28 41 37 38
30 43 39 40
31 44 40 41
36 49 45 46
37 50 46 47
39 52 48 49
40 53 49 50
0 1 4 13
1 2 5 14
3 4 7 16
4 5 8 17
9 10 13 22
10 11 14 23
12 13 16 25
13 14 17 26
18 19 22 31
19 20 23 32
21 22 25 34
22 23 26 35
27 28 31 40
28 29 32 41
30 31 34 43
31 32 35 44
36 37 40 49
37 38 41 50
39 40 43 52
40 41 44 53
0 4 3 13
1 5 4 14
3 7 6 16
4 8 7 17
9 13 12 22
10 14 13 23
12 16 15 25
13 17 16 26
18 22 21 31
19 23 22 32
21 25 24 34
22 26 25 35
27 31 30 40
28 32 31 41
30 34 33 43
31 35 34 44
36 40 39 49
37 41 40 50
39 43 42 52
40 44 43 53
0 12 9 13
1 13 10 14
3 15 12 16
4 16 13 17
9 21 18 22
10 22 19 23
12 24 21 25
13 25 22 26
18 30 27 31
19 31 28 32
21 33 30 34
22 34 31 35
27 39 36 40
28 40 37 41
30 42 39 43
31 43 40 44
36 48 45 49
37 49 46 50
39 51 48 52
40 52 49 53
0 3 12 13
1 4 13 14
3 6 15 16
4 7 16 17
9 12 21 22
10 13 22 23
12 15 24 25
13 16 25 26
18 21 30 31
19 22 31 32
21 24 33 34
22 25 34 35
27 30 39 40
28 31 40 41
30 33 42 43
31 34 43 44
36 39 48 49
37 40 49 50
39 42 51 52
40 43 52 53
