1 5.4019e+020
2 6.20051e+019
3 1.57599e+019
4 4.12854e+018
5 4.41298e+018
6 1.723e+018
7 1.42435e+018
8 9.90323e+017
9 6.64621e+017
10 5.82593e+017
11 9.61504e+017
12 5.58831e+017
13 9.45672e+017
14 6.81853e+017
15 9.49454e+017
16 1.08276e+018
17 1.52938e+018
18 1.05801e+018
19 9.98435e+017
20 8.32098e+017
21 1.07302e+018
22 7.50863e+017
23 1.36956e+018
24 7.28348e+017
25 8.58623e+017
26 5.34056e+017
27 4.32003e+017
28 3.52443e+017
29 4.39347e+017
30 3.98119e+017
31 4.88992e+017
32 3.47867e+017
33 3.44825e+017
34 2.52447e+017
35 1.90326e+017
36 1.53897e+017
37 1.68407e+017
38 1.18609e+017
39 1.70127e+017
40 1.41362e+017
41 1.2169e+017
42 1.44385e+017
43 1.2799e+017
44 1.23179e+017
45 9.16475e+016
46 9.08793e+016
47 9.90468e+016
48 5.96119e+016
49 8.6683e+016
50 5.7125e+016
51 5.58197e+016
52 7.88451e+016
53 1.12655e+017
54 4.40369e+016
55 5.82877e+016
56 6.52109e+016
57 6.64536e+016
58 6.32684e+016
59 7.43676e+016
60 3.68518e+016
61 3.45416e+016
62 4.48787e+016
63 3.5578e+016
64 4.34201e+016
65 4.32439e+016
66 4.67121e+016
67 5.21645e+016
68 3.25843e+016
69 2.45731e+016
70 3.4903e+016
71 2.90029e+016
72 3.97629e+016
73 2.70526e+016
74 4.83497e+016
75 1.77689e+016
76 5.11085e+016
77 2.31042e+016
78 2.5749e+016
79 2.49157e+016
80 3.82481e+016
81 1.86132e+016
82 2.70054e+016
83 1.88606e+016
84 2.95261e+016
85 2.87176e+016
86 2.66523e+016
87 2.31407e+016
88 1.82999e+016
89 5.75224e+016
90 2.96032e+016
91 3.32904e+016
92 4.11472e+016
93 2.94801e+016
94 5.70076e+016
95 5.66744e+016
96 5.28398e+016
97 4.46751e+016
98 7.25743e+016
99 3.87434e+016
100 3.02717e+016
101 2.02912e+016
102 2.86759e+016
103 3.22178e+016
104 2.27561e+016
105 2.9978e+016
106 2.69182e+016
107 2.47638e+016
108 1.76409e+016
109 3.29686e+016
110 2.49381e+016
111 2.13378e+016
112 1.86095e+016
113 3.6062e+016
114 2.52641e+016
115 2.51067e+016
116 1.54703e+016
117 1.86166e+016
118 1.19183e+016
119 2.13453e+016
120 3.13358e+016
121 3.37818e+016
122 2.88609e+016
123 6.3341e+016
124 1.78554e+016
125 3.87997e+016
126 2.09681e+016
127 1.96999e+016
128 1.97259e+016
129 2.04291e+016
130 2.19464e+016
131 1.85479e+016
132 1.99017e+016
133 2.64282e+016
134 1.84706e+016
135 1.80307e+016
136 1.89586e+016
137 1.85952e+016
138 1.30214e+016
139 2.6792e+016
140 2.55281e+016
141 2.37384e+016
142 1.50393e+016
143 3.38682e+016
144 1.44288e+016
145 2.59145e+016
146 1.83594e+016
147 1.76072e+016
148 2.54695e+016
149 1.75399e+016
150 3.56745e+016
151 2.22632e+016
152 1.64615e+016
153 4.774e+016
154 2.50585e+016
155 2.67507e+016
156 1.71267e+016
157 2.02518e+016
158 2.54819e+016
159 2.12469e+016
160 1.84509e+016
161 2.2276e+016
162 1.10517e+016
163 2.56652e+016
164 1.30913e+016
165 1.81951e+016
166 9.92823e+015
167 1.26281e+016
168 2.09679e+016
169 7.1305e+015
170 1.53371e+016
171 1.1476e+016
172 9.37453e+015
173 1.62902e+016
174 4.52742e+015
175 1.17893e+016
176 1.3751e+016
177 6.09555e+015
178 1.65139e+016
179 8.26994e+015
180 1.39873e+016
181 8.93584e+015
182 6.49601e+015
183 7.32393e+015
184 6.07624e+015
185 4.81827e+015
186 6.13903e+015
187 4.34179e+015
188 5.46397e+015
189 5.46751e+015
190 4.48586e+015
191 5.57395e+015
192 3.89962e+015
193 5.04962e+015
194 4.68412e+015
195 2.13725e+015
196 7.70377e+015
197 4.79715e+015
198 6.83069e+015
199 3.47195e+015
200 7.0466e+015
201 3.49423e+015
202 1.71325e+015
203 3.72651e+015
204 1.71314e+015
205 2.19806e+015
206 2.3381e+015
207 2.07152e+015
208 1.83104e+015
209 2.20626e+015
210 9.08312e+014
211 2.14247e+015
212 2.63823e+015
213 1.71374e+015
214 1.14849e+015
215 2.74742e+015
216 7.53196e+014
217 1.606e+015
218 9.69897e+014
219 1.32285e+015
220 1.13927e+015
221 2.21174e+015
222 7.63308e+014
223 8.89806e+014
224 1.48328e+015
225 9.99757e+014
226 8.42326e+014
227 1.53339e+015
228 8.80544e+014
229 6.94621e+014
230 1.3652e+015
231 9.05088e+014
232 7.49219e+014
233 5.33926e+014
234 1.70344e+015
235 1.52441e+015
236 9.13516e+014
237 4.52598e+014
238 8.43099e+014
239 4.29349e+014
240 7.35057e+014
241 1.4543e+015
242 1.56377e+015
243 6.49842e+014
244 1.14884e+015
245 1.27872e+015
246 9.85173e+014
247 4.14222e+014
248 5.45166e+014
249 1.20519e+015
250 7.18226e+014
251 9.07654e+014
252 5.32162e+014
253 1.22543e+015
254 4.40822e+014
255 1.05184e+015
256 8.10871e+014
257 4.72953e+014
258 3.11163e+014
259 9.00877e+014
260 7.74649e+014
261 4.48598e+014
262 4.28542e+014
263 5.22614e+014
264 1.15165e+015
265 4.97574e+014
266 3.55596e+014
267 3.38006e+014
268 2.99277e+014
269 3.18538e+014
270 2.59222e+014
271 3.75985e+014
272 3.38035e+014
273 3.74136e+014
274 5.36367e+014
275 1.55999e+014
276 2.42e+014
277 4.87155e+014
278 1.8959e+014
279 2.04556e+014
280 2.4397e+014
281 3.96372e+014
282 2.17415e+014
283 1.36919e+014
284 2.04417e+014
285 3.32296e+014
286 1.83972e+014
287 1.87686e+014
288 1.96353e+014
289 2.31763e+014
290 3.90426e+014
291 1.66462e+014
292 1.18358e+014
293 1.37618e+014
294 2.55597e+014
295 1.44847e+014
296 1.38655e+014
297 9.88683e+013
298 2.11354e+014
299 1.11121e+014
300 1.36676e+014
301 1.19501e+014
302 1.30124e+014
303 2.34864e+014
304 1.24303e+014
305 1.63195e+014
306 2.71538e+014
307 1.7598e+014
308 1.05041e+014
309 4.75584e+013
310 1.16295e+014
311 2.15579e+014
312 8.77738e+013
313 5.29505e+013
314 1.12301e+014
315 6.71743e+013
316 9.60563e+013
317 6.13154e+013
318 1.38496e+014
319 8.07543e+013
320 6.02085e+013
321 6.62447e+013
322 4.42484e+013
323 6.77819e+013
324 5.73095e+013
325 4.81512e+013
326 3.8329e+013
327 5.76479e+013
328 8.47287e+013
329 3.27626e+013
330 2.66802e+013
331 2.40725e+013
332 2.7532e+013
333 3.96903e+013
334 2.23922e+013
335 6.97171e+013
336 3.53309e+013
337 1.99475e+013
338 2.9178e+013
339 1.96745e+013
340 6.52886e+013
341 4.94664e+013
342 5.0383e+013
343 2.26719e+013
344 1.26234e+013
345 1.5277e+013
346 3.03104e+013
347 2.02279e+013
348 3.07573e+013
349 5.45363e+013
350 2.50247e+013
351 2.63224e+013
352 1.28032e+013
353 2.09482e+013
354 1.34971e+013
355 2.83046e+013
356 2.48676e+013
357 1.76005e+013
358 1.01031e+013
359 9.53458e+012
360 8.91774e+012
361 1.2115e+013
362 2.26791e+013
363 3.66174e+013
364 1.9695e+013
365 2.11039e+013
366 7.86329e+012
367 2.09029e+013
368 9.47983e+012
369 1.07802e+013
370 8.12515e+012
371 9.01654e+012
372 3.47509e+013
373 3.24188e+013
374 1.36724e+013
375 1.00813e+013
376 7.79023e+012
377 3.3259e+012
378 1.17143e+013
379 1.23744e+013
380 7.49085e+012
381 1.49856e+013
382 4.53086e+012
383 7.93015e+012
384 2.08478e+013
385 1.87035e+013
386 2.13752e+013
387 4.93061e+012
388 3.65791e+012
389 4.52661e+012
390 6.29333e+012
391 8.48303e+012
392 2.46396e+013
393 5.69323e+012
394 5.87451e+012
395 3.66883e+012
396 5.23056e+012
397 3.10297e+013
398 1.58905e+013
399 9.92607e+012
400 1.51428e+013
401 4.78919e+012
402 4.40761e+012
403 5.65938e+012
404 1.7249e+013
405 1.46081e+013
406 2.89466e+013
407 9.57202e+012
408 4.80313e+012
409 6.13983e+012
410 1.73896e+013
411 1.75611e+013
412 1.12787e+013
413 9.4239e+012
414 1.10486e+013
415 4.47187e+012
416 2.21631e+013
417 2.64935e+013
418 2.8352e+013
419 2.39385e+013
420 1.15467e+013
421 1.9546e+013
422 1.88603e+013
423 1.36784e+013
424 1.79965e+013
425 1.52266e+013
426 1.70174e+013
427 1.98537e+013
428 5.17839e+013
429 2.65249e+013
430 5.24208e+013
431 3.09774e+013
432 3.76755e+013
433 1.48472e+013
434 1.55269e+013
435 1.04035e+013
436 1.18972e+013
437 1.22806e+013
438 3.01676e+013
439 2.45556e+013
440 3.14749e+013
441 3.13214e+013
442 1.43537e+013
443 1.33136e+013
444 2.03692e+013
445 1.16962e+013
446 6.20907e+012
447 6.85052e+012
448 1.52005e+013
449 9.25947e+012
450 1.9022e+013
451 2.06319e+013
452 1.41103e+013
453 6.65268e+012
454 8.82882e+012
455 1.03022e+013
456 8.14584e+012
457 8.86398e+012
458 2.27447e+013
459 1.00297e+013
460 4.10077e+013
461 2.08702e+013
462 1.30794e+013
463 1.11557e+013
464 1.39496e+013
465 8.54095e+012
466 9.98861e+012
467 1.63538e+013
468 1.94716e+013
469 2.55407e+013
470 1.29065e+013
471 4.33062e+013
472 1.54566e+013
473 7.96263e+012
474 6.87665e+012
475 1.83828e+013
476 9.72017e+012
477 1.78897e+013
478 1.11137e+013
479 2.19247e+013
480 1.82055e+013
481 1.7856e+013
482 1.03484e+013
483 7.13248e+012
484 4.15626e+012
485 7.10233e+012
486 1.37667e+013
487 2.00412e+013
488 6.25204e+012
489 1.16129e+013
490 1.72347e+013
491 8.53872e+012
492 7.72301e+012
493 7.52214e+012
494 5.30675e+012
495 4.79198e+012
496 3.70192e+012
497 6.43509e+012
498 3.94857e+012
499 6.08892e+012
500 3.70252e+012
501 1.13619e+013
502 5.1129e+012
503 4.82434e+012
504 4.61082e+012
505 4.82131e+012
506 3.0285e+012
507 4.05448e+012
508 1.2364e+012
509 2.11913e+012
510 5.85357e+012
511 3.73319e+012
512 4.0904e+012
513 1.10291e+013
514 3.75954e+012
515 5.09738e+012
516 1.58932e+012
517 1.67079e+012
518 2.0348e+012
519 2.06734e+012
520 2.68621e+012
521 2.00016e+012
522 2.64273e+012
523 1.01919e+013
524 3.50563e+012
525 3.4131e+012
526 5.70115e+012
527 2.61475e+012
528 3.40302e+012
529 1.45267e+012
530 1.95158e+012
531 2.68547e+012
532 3.42065e+012
533 3.29218e+012
534 6.12558e+012
535 2.8082e+012
536 3.11198e+012
537 2.53502e+012
538 5.25787e+012
539 3.22431e+012
540 2.94008e+012
541 2.97549e+012
542 5.47848e+012
543 3.41444e+012
544 3.18128e+012
545 9.25307e+012
546 6.50632e+012
547 3.82906e+012
548 4.08716e+012
549 2.62718e+012
550 2.70356e+012
551 2.44829e+012
552 2.82762e+012
553 2.22966e+012
554 6.98735e+012
555 7.0184e+012
556 8.08292e+012
557 4.22456e+012
558 5.68028e+012
559 2.73612e+012
560 2.12858e+012
561 2.29314e+012
562 3.13646e+012
563 2.23673e+012
564 6.44674e+012
565 4.72148e+012
566 6.7144e+012
567 5.00211e+012
568 4.5952e+012
569 2.67746e+012
570 4.8485e+012
571 1.71814e+012
572 2.22354e+012
573 1.30727e+012
574 3.35778e+012
575 1.50367e+012
576 1.89296e+012
577 3.00825e+012
578 2.66729e+012
579 4.00852e+012
580 3.23944e+012
581 1.59992e+012
582 1.96997e+012
583 1.4878e+012
584 1.9013e+012
585 1.55755e+012
586 1.72707e+012
587 1.32897e+012
588 3.24608e+012
589 2.8439e+012
590 3.3598e+012
591 2.22937e+012
592 3.85309e+012
593 3.31798e+012
594 1.37536e+012
595 1.62994e+012
596 4.55957e+012
597 4.42573e+012
598 3.50016e+012
599 1.78761e+012
600 2.47223e+012
601 3.38257e+012
602 4.6648e+012
603 2.61883e+012
604 9.40459e+012
605 6.42188e+012
606 5.44358e+012
607 5.7477e+012
608 4.73578e+012
609 4.13271e+012
610 5.35885e+012
611 3.01857e+012
612 4.30401e+012
613 6.95573e+012
614 3.11797e+012
615 7.34179e+012
616 6.89105e+012
617 1.07011e+013
618 7.68313e+012
619 9.32863e+012
620 2.81573e+012
621 8.66238e+012
622 1.08277e+013
623 5.23816e+012
624 6.91989e+012
625 1.05733e+013
626 6.55776e+012
627 1.62005e+013
628 9.49233e+012
629 1.20821e+013
630 9.06e+012
631 1.83483e+013
632 1.01772e+013
633 7.1839e+012
634 7.49524e+012
635 8.71715e+012
636 4.91523e+012
637 1.0315e+013
638 7.46142e+012
639 8.28743e+012
640 9.14449e+012
641 1.31087e+013
642 4.14841e+012
643 8.91157e+012
644 2.02276e+013
645 2.08418e+013
646 5.38537e+012
647 8.63743e+012
648 7.97318e+012
649 8.8324e+012
650 7.50027e+012
651 6.38964e+012
652 7.9865e+012
653 1.67974e+013
654 1.06048e+013
655 9.2575e+012
656 8.31531e+012
657 7.31703e+012
658 7.50288e+012
659 8.83263e+012
660 4.71181e+012
661 7.89797e+012
662 2.267e+013
663 1.0853e+013
664 7.58561e+012
665 4.88514e+012
666 5.29633e+012
667 4.3826e+012
668 1.84456e+013
669 8.48028e+012
670 1.36239e+013
671 1.14796e+013
672 8.94571e+012
673 5.39115e+012
674 5.73593e+012
675 7.20329e+012
676 5.30128e+012
677 1.02889e+013
678 1.10515e+013
679 9.40479e+012
680 1.04098e+013
681 1.04932e+013
682 1.54867e+013
683 8.11401e+012
684 6.25971e+012
685 9.52731e+012
686 7.23532e+012
687 4.15441e+012
688 6.31956e+012
689 2.45679e+012
690 5.82541e+012
691 5.39933e+012
692 9.12427e+012
693 7.19793e+012
694 5.68412e+012
695 4.13612e+012
696 1.0924e+013
697 7.06855e+012
698 7.2358e+012
699 5.33718e+012
700 2.49621e+012
701 2.45454e+012
702 2.63239e+012
703 4.32203e+012
704 5.03174e+012
705 5.19569e+012
706 3.25884e+012
707 2.45776e+012
708 6.11769e+012
709 2.35284e+012
710 2.14727e+012
711 4.64061e+012
712 2.69932e+012
713 2.79649e+012
714 2.31218e+012
715 4.58581e+012
716 2.363e+012
717 3.01223e+012
718 2.2912e+012
719 1.88344e+012
720 1.77707e+012
721 3.36856e+012
722 4.96421e+012
723 3.31314e+012
724 2.08435e+012
725 1.41121e+012
726 1.77403e+012
727 2.53976e+012
728 2.3342e+012
729 3.47012e+012
730 3.1797e+012
731 1.76582e+012
732 1.22912e+012
733 1.76626e+012
734 9.25331e+011
735 3.54554e+012
736 1.82702e+012
737 3.48414e+012
738 2.34762e+012
739 1.56402e+012
740 2.31885e+012
741 9.4224e+011
742 8.20641e+011
743 9.79424e+011
744 1.54153e+012
745 2.43123e+012
746 2.52312e+012
747 1.38522e+012
748 1.37121e+012
749 1.0752e+012
750 6.44816e+011
751 9.83874e+011
752 1.2118e+012
753 3.07941e+012
754 2.02978e+012
755 1.81553e+012
756 2.34513e+012
757 9.97106e+011
758 6.80139e+011
759 1.55482e+012
760 2.19651e+012
761 2.58503e+012
762 2.56137e+012
763 9.00772e+011
764 1.13611e+012
765 4.28312e+011
766 8.51856e+011
767 7.64575e+011
768 1.25213e+012
769 1.76002e+012
770 1.34114e+012
771 9.89638e+011
772 1.23306e+012
773 5.83987e+011
774 8.3697e+011
775 7.79702e+011
776 1.31525e+012
777 6.59131e+011
778 4.49165e+011
779 4.51803e+011
780 1.10232e+012
781 4.0624e+011
782 5.86767e+011
783 9.38083e+011
784 5.57571e+011
785 2.82265e+011
786 4.53222e+011
787 5.57225e+011
788 1.12145e+012
789 5.58098e+011
790 7.10427e+011
791 2.78819e+011
792 6.06694e+011
793 5.11772e+011
794 4.45994e+011
795 6.33176e+011
796 6.32962e+011
797 4.13126e+011
798 5.05686e+011
799 1.20122e+012
800 1.31718e+012
801 1.45913e+012
802 7.39596e+011
803 8.24046e+011
804 8.12018e+011
805 5.3089e+011
806 1.45235e+012
807 8.9836e+011
808 1.02263e+012
809 6.49882e+011
810 8.47554e+011
811 1.1125e+012
812 2.46661e+012
813 1.43621e+012
814 1.9952e+012
815 8.28673e+011
816 1.3265e+012
817 1.03938e+012
818 1.31044e+012
819 1.01811e+012
820 2.10528e+012
821 1.26901e+012
822 1.23526e+012
823 1.29752e+012
824 1.46088e+012
825 1.86526e+012
826 4.38923e+012
827 5.54562e+012
828 6.20858e+012
829 6.30608e+012
830 2.01492e+012
831 4.86199e+012
832 4.52036e+012
833 4.82638e+012
834 4.11162e+012
835 5.00732e+012
836 5.37635e+012
837 4.96151e+012
838 3.7401e+012
839 3.97777e+012
840 2.31977e+012
841 1.12436e+013
842 9.05775e+012
843 3.88093e+012
844 5.13085e+012
845 1.18379e+013
846 5.00816e+012
847 4.04477e+012
848 5.13773e+012
849 2.567e+012
850 5.96215e+012
851 6.43338e+012
852 3.30524e+012
853 7.04671e+012
854 9.19309e+012
855 8.35129e+012
856 1.46218e+013
857 6.01214e+012
858 6.65032e+012
859 6.81275e+012
860 7.11125e+012
861 1.5805e+013
862 9.61877e+012
863 4.20437e+012
864 9.25847e+012
865 8.41093e+012
866 4.36903e+012
867 7.72595e+012
868 9.52803e+012
869 1.78127e+013
870 1.29184e+013
871 1.68614e+013
872 7.43228e+012
873 4.0553e+012
874 3.65971e+012
875 1.48547e+013
876 8.96944e+012
877 9.03955e+012
878 4.96032e+012
879 8.62962e+012
880 1.26883e+013
881 1.1594e+013
882 1.19939e+013
883 1.64904e+013
884 5.53057e+012
885 7.58336e+012
886 4.91263e+012
887 1.23617e+013
888 5.41274e+012
889 3.19942e+012
890 3.68459e+012
891 1.0288e+013
892 7.12357e+012
893 8.59675e+012
894 4.95742e+012
895 9.48181e+012
896 6.11476e+012
897 1.05047e+013
898 5.1788e+012
899 2.92211e+012
900 1.53435e+012
901 3.18071e+012
902 4.68325e+012
903 4.78188e+012
904 3.53488e+012
905 4.3478e+012
906 6.68972e+012
907 3.29767e+012
908 3.84094e+012
909 2.20357e+012
910 2.20493e+012
911 9.95712e+011
912 1.74523e+012
913 2.24772e+012
914 1.27556e+012
915 6.12793e+011
916 8.97957e+011
917 9.09593e+011
918 1.10373e+012
919 1.4947e+012
920 6.99281e+011
921 9.9116e+011
922 8.70505e+011
923 2.01827e+011
924 4.44035e+011
925 3.28622e+011
926 8.16643e+011
927 6.47518e+011
928 4.98019e+011
929 4.63352e+011
930 3.69922e+011
931 3.71428e+011
932 5.99777e+011
933 1.30659e+011
934 2.6856e+011
935 5.22998e+011
936 4.49137e+011
937 2.10895e+011
938 2.24946e+011
939 1.7487e+011
940 1.24513e+011
941 7.97742e+010
942 8.38575e+010
943 1.60601e+011
944 1.53558e+011
945 2.40411e+011
946 1.53152e+011
947 1.30873e+011
948 2.15398e+011
949 1.5906e+011
950 8.61091e+010
951 4.75007e+010
952 7.10496e+010
953 5.35162e+010
954 6.04039e+010
955 2.93146e+010
956 7.5647e+010
957 3.6901e+010
958 4.48106e+010
959 3.69835e+010
960 3.7454e+010
961 3.19943e+010
962 4.20199e+010
963 1.83601e+010
964 1.51857e+010
965 1.33833e+010
966 1.4201e+010
967 1.56946e+010
968 7.14386e+009
969 1.26224e+010
970 7.53312e+009
971 1.44504e+010
972 1.5607e+010
973 1.59064e+010
974 1.04891e+010
975 2.80538e+010
976 5.87021e+009
977 7.47749e+009
978 6.24539e+009
979 5.25512e+009
980 5.2238e+009
981 3.84852e+009
982 3.86966e+009
983 6.59163e+009
984 5.27581e+009
985 7.75799e+009
986 5.25715e+009
987 6.76101e+009
988 3.78603e+009
989 3.17332e+009
990 1.74695e+009
991 2.0913e+009
992 2.30731e+009
993 1.77795e+009
994 2.41355e+009
995 2.35252e+009
996 3.32924e+009
997 1.71988e+009
998 1.16034e+009
999 1.50151e+009
1000 1.28636e+009
1001 7.51867e+008
1002 1.15913e+009
1003 8.12665e+008
1004 2.57857e+009
1005 3.30053e+009
1006 2.41422e+009
1007 6.4801e+008
1008 8.2742e+008
1009 3.88599e+008
1010 5.07159e+008
1011 4.40879e+008
1012 7.14226e+008
1013 5.5139e+008
1014 4.38161e+008
1015 4.88179e+008
1016 1.00485e+009
1017 2.59165e+008
1018 6.41843e+008
1019 5.30244e+008
1020 2.74593e+008
1021 1.25037e+008
1022 1.57232e+008
1023 1.10208e+008
1024 1.9364e+008
1025 2.16144e+008
1026 1.01977e+008
1027 3.01675e+008
1028 3.38023e+008
1029 1.26282e+008
1030 8.35745e+007
1031 4.77744e+007
1032 3.1089e+007
1033 3.47264e+007
1034 3.0551e+007
1035 4.51957e+007
1036 3.79277e+007
1037 1.24707e+008
1038 7.05154e+007
1039 7.14751e+007
1040 2.98613e+007
1041 7.74027e+007
1042 6.85345e+007
1043 5.46439e+007
1044 1.4109e+007
1045 1.44366e+007
1046 2.09575e+007
1047 1.80338e+007
1048 2.67278e+007
1049 7.51995e+007
1050 5.63748e+007
1051 1.33821e+008
1052 7.51046e+007
1053 7.38081e+007
1054 3.11275e+007
1055 4.13367e+007
1056 3.85916e+007
1057 5.063e+007
1058 6.38081e+007
1059 7.24694e+007
1060 6.30036e+007
1061 1.86838e+008
1062 1.53263e+008
1063 1.5037e+008
1064 1.01914e+008
1065 8.95839e+007
1066 5.26716e+007
1067 1.1712e+008
1068 1.70664e+008
1069 1.70102e+008
1070 3.87925e+008
1071 2.0727e+008
1072 1.53108e+008
1073 2.01473e+008
1074 1.25955e+008
1075 2.94186e+008
1076 2.00406e+008
1077 2.21447e+008
1078 4.13077e+008
1079 2.66334e+008
1080 2.0646e+008
1081 4.06585e+008
1082 9.33539e+008
1083 5.37595e+008
1084 5.99307e+008
1085 3.12319e+008
1086 5.41134e+008
1087 3.15095e+008
1088 2.42579e+008
1089 3.30313e+008
1090 9.32426e+008
1091 1.09891e+009
1092 5.58131e+008
1093 8.82161e+008
1094 9.7716e+008
1095 9.41969e+008
1096 9.3812e+008
1097 8.99206e+008
1098 9.94462e+008
1099 1.06398e+009
1100 9.59602e+008
1101 8.05603e+008
1102 7.73069e+008
1103 1.03525e+009
1104 6.87455e+008
1105 1.03922e+009
1106 8.61262e+008
1107 2.15195e+009
1108 1.2968e+009
1109 2.19393e+009
1110 2.2099e+009
1111 1.63395e+009
1112 9.88663e+008
1113 1.64279e+009
1114 6.40519e+008
1115 1.02463e+009
1116 9.60125e+008
1117 2.02216e+009
1118 9.63126e+008
1119 1.48154e+009
1120 1.26572e+009
1121 7.94332e+008
1122 7.05504e+008
1123 1.55562e+009
1124 2.09074e+009
1125 1.81441e+009
1126 9.67143e+008
1127 8.63085e+008
1128 9.62433e+008
1129 1.15496e+009
1130 6.1541e+008
1131 1.87034e+009
1132 1.21714e+009
1133 7.98357e+008
1134 1.13009e+009
1135 1.76826e+009
1136 9.64694e+008
1137 1.07957e+009
1138 1.65947e+009
1139 5.35158e+008
1140 8.36773e+008
1141 9.24187e+008
1142 1.52177e+009
1143 1.93212e+009
1144 7.73083e+008
1145 6.16707e+008
1146 5.15513e+008
1147 3.89272e+008
1148 8.49636e+008
1149 2.85544e+008
1150 5.77701e+008
1151 1.08314e+009
1152 1.00099e+009
1153 7.13133e+008
1154 1.19844e+009
1155 9.7299e+008
1156 3.42791e+008
1157 6.23434e+008
1158 3.15271e+008
1159 4.40677e+008
1160 4.05029e+008
1161 4.33059e+008
1162 3.57021e+008
1163 5.57803e+008
1164 3.20947e+008
1165 2.58846e+008
1166 2.83739e+008
1167 6.61652e+008
1168 2.66154e+008
1169 3.00802e+008
1170 3.49117e+008
1171 5.46432e+008
1172 2.99416e+008
1173 2.7568e+008
1174 1.41493e+008
1175 2.59418e+008
1176 2.09053e+008
1177 2.52799e+008
1178 3.48974e+008
1179 5.15008e+008
1180 3.91421e+008
1181 4.0036e+008
1182 1.68748e+008
1183 3.02722e+008
1184 5.20664e+008
1185 6.74556e+008
1186 6.41118e+008
1187 4.48881e+008
1188 4.52255e+008
1189 4.68308e+008
1190 6.06992e+008
1191 5.63366e+008
1192 3.99629e+008
1193 6.82893e+008
1194 8.04143e+008
1195 6.86577e+008
1196 6.98196e+008
1197 9.75015e+008
1198 1.65136e+009
1199 1.18992e+009
1200 1.41384e+009
1201 1.06928e+009
1202 4.65104e+008
1203 8.77121e+008
1204 1.67755e+009
1205 1.93791e+009
1206 2.63819e+009
1207 1.78556e+009
1208 1.23799e+009
1209 1.42652e+009
1210 1.39664e+009
1211 1.08749e+009
1212 1.31274e+009
1213 2.46498e+009
1214 2.14766e+009
1215 2.8827e+009
1216 1.89638e+009
1217 1.55414e+009
1218 1.53996e+009
1219 1.44358e+009
1220 4.27849e+009
1221 2.05142e+009
1222 1.42038e+009
1223 1.75069e+009
1224 8.88876e+008
1225 1.24177e+009
1226 7.39473e+008
1227 1.1806e+009
1228 2.43909e+009
1229 3.11609e+009
1230 1.54478e+009
1231 1.23001e+009
1232 1.46822e+009
1233 1.36529e+009
1234 1.18816e+009
1235 5.55053e+008
1236 9.05298e+008
1237 4.91964e+008
1238 6.65989e+008
1239 7.45687e+008
1240 4.32482e+008
1241 6.06923e+008
1242 8.59751e+008
1243 1.07013e+009
1244 7.57076e+008
1245 1.23509e+009
1246 3.32879e+008
1247 5.54812e+008
1248 3.7102e+008
1249 2.57863e+008
1250 2.98237e+008
1251 1.51138e+008
1252 4.92781e+008
1253 4.85444e+008
1254 2.59981e+008
1255 2.41751e+008
1256 1.0464e+008
1257 3.13949e+008
1258 4.12609e+008
1259 1.34302e+008
1260 2.44624e+008
1261 1.03272e+008
1262 2.02629e+008
1263 1.50221e+008
1264 1.32668e+008
1265 8.12692e+007
1266 8.54598e+007
1267 6.8052e+007
1268 9.62551e+007
1269 1.01154e+008
1270 1.612e+008
1271 7.1521e+007
1272 1.08212e+008
1273 3.54198e+007
1274 5.08514e+007
1275 4.95599e+007
1276 2.81222e+007
1277 6.08727e+007
1278 3.89917e+007
1279 8.18921e+007
1280 8.25094e+007
1281 7.56685e+007
1282 5.6461e+007
1283 7.70001e+007
1284 9.11958e+007
1285 1.59612e+008
1286 7.60044e+007
1287 1.05527e+008
1288 8.81118e+007
1289 1.05401e+008
1290 5.90699e+007
1291 6.87622e+007
1292 5.61839e+007
1293 8.53702e+007
1294 8.09414e+007
1295 3.03225e+008
1296 1.74414e+008
1297 1.20469e+008
1298 1.22488e+008
1299 1.04321e+008
1300 1.45728e+008
1301 7.35811e+007
1302 1.34365e+008
1303 1.18777e+008
1304 1.36363e+008
1305 1.30339e+008
1306 1.22637e+008
1307 4.80471e+007
1308 8.41233e+007
1309 8.1094e+007
1310 1.57477e+008
1311 2.24765e+008
1312 1.86053e+008
1313 9.2738e+007
1314 9.55251e+007
1315 5.9874e+007
1316 1.33515e+008
1317 1.13925e+008
1318 6.64839e+007
1319 5.69638e+007
1320 5.15744e+007
1321 1.57882e+008
1322 9.53143e+007
1323 6.1709e+007
1324 1.16057e+008
1325 3.84938e+007
1326 1.34112e+007
1327 3.89738e+007
1328 5.25737e+007
1329 4.68731e+007
1330 2.30069e+007
1331 3.17776e+007
1332 9.78676e+006
1333 1.06404e+007
1334 1.84328e+007
1335 3.71681e+007
1336 1.22539e+007
1337 1.18584e+007
1338 1.5667e+007
1339 1.25185e+007
1340 1.10951e+007
1341 1.24809e+007
1342 8.07019e+006
1343 6.99951e+006
1344 5.19415e+006
1345 4.40116e+006
1346 3.76446e+006
1347 6.77474e+006
1348 4.27254e+006
1349 2.59883e+006
1350 3.73858e+006
1351 3.03673e+006
1352 3.29608e+006
1353 2.28886e+006
1354 1.04388e+006
1355 1.35473e+006
1356 1.447e+006
1357 1.35826e+006
1358 3.34032e+006
1359 1.63694e+006
1360 598456
1361 2.22669e+006
1362 2.08429e+006
1363 1.44549e+006
1364 970312
1365 1.74491e+006
1366 869761
1367 1.17317e+006
1368 811535
1369 363527
1370 462624
1371 657196
1372 420853
1373 1.79056e+006
1374 1.16426e+006
1375 1.43535e+006
1376 1.63827e+006
1377 1.43839e+006
1378 740535
1379 764916
1380 1.43864e+006
1381 1.34237e+006
1382 942691
1383 781391
1384 1.43567e+006
1385 621692
1386 1.12739e+006
1387 1.26326e+006
1388 1.71432e+006
1389 648421
1390 1.1206e+006
1391 1.5632e+006
1392 772317
1393 634745
1394 1.33117e+006
1395 956926
1396 1.05188e+006
1397 785737
1398 832270
1399 1.01976e+006
1400 673010
1401 442050
1402 340391
1403 1.04292e+006
1404 677241
1405 1.17342e+006
1406 554413
1407 482411
1408 487533
1409 260806
1410 360657
1411 486353
1412 300332
1413 174009
1414 226101
1415 336546
1416 232354
1417 423719
1418 207378
1419 796280
1420 415263
1421 342669
1422 239024
1423 193327
1424 317180
1425 199289
1426 159769
1427 167731
1428 137435
1429 208239
1430 152413
1431 108758
1432 102594
1433 157240
1434 154292
1435 177794
1436 107593
1437 92409.2
1438 35598.1
1439 42509.1
1440 44174.8
1441 72910.8
1442 32209.1
1443 76019.3
1444 117220
1445 77826
1446 171160
1447 86406.1
1448 82743.1
1449 81540.6
1450 42503.4
1451 35004.9
1452 39419.1
1453 69631.3
1454 220873
1455 136916
1456 79232.4
1457 51542.6
1458 54770.5
1459 45598.8
1460 67298.1
1461 65448.9
1462 112720
1463 75222.1
1464 96631.2
1465 135753
1466 95450.2
1467 106885
1468 225211
1469 71262.5
1470 108396
1471 194188
1472 108070
1473 216653
1474 271783
1475 165380
1476 247694
1477 289699
1478 269674
1479 163957
1480 287211
1481 229759
1482 416778
1483 266256
1484 349854
1485 347553
1486 256439
1487 344802
1488 193058
1489 190700
1490 119982
1491 219094
1492 211541
1493 171755
1494 176907
1495 371235
1496 300826
1497 217848
1498 163849
1499 112541
1500 93086.8
1501 131475
1502 97740.7
1503 162081
1504 100262
1505 138873
1506 159181
1507 110303
1508 109859
1509 156735
1510 88582.1
1511 79763.8
1512 51917.8
1513 72865.6
1514 68940.6
1515 62910.4
1516 112970
1517 80964.4
1518 27531.8
1519 64810.4
1520 112661
1521 163590
1522 103249
1523 33597
1524 36454.2
1525 80169.9
1526 73703.6
1527 49990.7
1528 110951
1529 89844.7
1530 137622
1531 181233
1532 317054
1533 213465
1534 126787
1535 101875
1536 195383
1537 32190.5
1538 96289.9
1539 118455
1540 200808
1541 129208
1542 163061
1543 141532
1544 167373
1545 76637.5
1546 175307
1547 84285.3
1548 51412
1549 20759.5
1550 56491.3
1551 23169.8
1552 29488.5
1553 55556
1554 29962.1
1555 47074
1556 37418.3
1557 18760
1558 10071.6
1559 12106.4
1560 62054.7
1561 21452.3
1562 25932.4
1563 47471.4
1564 28313.2
1565 27662.1
1566 12952.4
1567 28440.6
1568 12705.4
1569 7411.99
1570 5391.81
1571 5825.98
1572 3195.85
1573 5469.36
1574 6884.56
1575 18221.4
1576 13870.4
1577 12917.4
1578 8709.09
1579 9880
1580 6369.57
1581 6310.71
1582 5355.18
1583 7903.94
1584 7218.24
1585 5986.16
1586 5589.24
1587 4192.28
1588 13479.3
1589 14906.5
1590 20724.2
1591 24355.7
1592 19779.2
1593 11009.2
1594 18277.3
1595 7675.37
1596 7464.02
1597 4897.71
1598 8551.51
1599 7625.89
1600 8092.59
1601 22191
1602 21987.7
1603 11734.6
1604 16455.2
1605 4881.15
1606 8821.48
1607 9134.99
1608 4188.27
1609 3344.6
1610 4894.59
1611 4710.52
1612 2881.63
1613 2421.6
1614 2422.16
1615 3356.02
1616 2560.1
1617 2287.48
1618 2620.84
1619 1152.22
1620 1790.52
1621 1336.83
1622 2351.14
1623 1248.31
1624 789.151
1625 1439.65
1626 818.75
1627 1178.93
1628 875.84
1629 919.107
1630 775.48
1631 1584.95
1632 550.583
1633 875.595
1634 694.114
1635 819.281
1636 627.7
1637 1032.42
1638 1202.13
1639 696.34
1640 1352.08
1641 1151.36
1642 1114.63
1643 1188.96
1644 1625.7
1645 1237.57
1646 818.987
1647 1352.32
1648 684.045
1649 2135.49
1650 2608.39
1651 2221.71
1652 1028.28
1653 855.645
1654 1129.38
1655 730.249
1656 564.024
1657 861.273
1658 715.798
1659 1728.65
1660 1941.63
1661 865.365
1662 639.808
1663 1258.94
1664 622.258
1665 1805.3
1666 1161.8
1667 1211.49
1668 602.692
1669 1001.87
1670 516.975
1671 299.375
1672 595.412
1673 615.31
1674 476.542
1675 1038.62
1676 1058.18
1677 967.462
1678 531.147
1679 643.214
1680 481.658
1681 181.441
1682 326.282
1683 451.332
1684 340.21
1685 388.223
1686 609.616
1687 213.092
1688 219.882
1689 261.14
1690 151.389
1691 118.29
1692 203.022
1693 256.732
1694 105.922
1695 121.984
1696 282.107
1697 184.476
1698 244.993
1699 283.057
1700 178.572
1701 264.219
1702 261.616
1703 279.706
1704 272.684
1705 97.2113
1706 168.979
1707 161.849
1708 144.355
1709 248.597
1710 314.435
1711 949.017
1712 630.79
1713 361.959
1714 166.306
1715 886.39
1716 749.424
1717 1938.99
1718 522.117
1719 325.125
1720 213.262
1721 385.582
1722 526.213
1723 877.667
1724 442.183
1725 530.525
1726 1413.24
1727 1446.82
1728 2327.42
1729 1211.65
1730 1044.56
1731 593.002
1732 554.315
1733 241.483
1734 298.535
1735 829.279
1736 1425.06
1737 424.103
1738 1210.22
1739 760.274
1740 566.599
1741 486.654
1742 691.284
1743 511.825
1744 779.623
1745 1278.36
1746 1032.38
1747 843.129
1748 848.283
1749 961.222
1750 1080.18
1751 489.096
1752 1138.79
1753 772.643
1754 1262.64
1755 1717.88
1756 1300.42
1757 942.058
1758 689.635
1759 683.866
1760 3317.19
1761 3529.24
1762 3270.69
1763 1254.9
1764 3637.82
1765 3129.82
1766 2630.86
1767 1926.2
1768 2688.57
1769 1358.07
1770 3570.96
1771 2752.94
1772 2862.89
1773 1106.97
1774 1933.8
1775 3638.08
1776 3731.12
1777 2543.43
1778 4274.46
1779 3182.74
1780 4529.79
1781 2921.93
1782 6648.45
1783 2212.91
1784 1300.67
1785 1014.2
1786 1274.65
1787 552.244
1788 941.231
1789 734.93
1790 525.164
1791 376.582
1792 707.283
1793 512.593
1794 824.403
1795 400.316
1796 215.595
1797 451.84
1798 581.655
1799 733.626
1800 753.315
