235 
0 
1 
2 
3 
4 
5 
6 
7 
8 
10 
11 
12 
13 
14 
15 
16 
17 
18 
19 
20 
21 
22 
23 
24 
25 
26 
27 
28 
29 
30 
31 
32 
33 
34 
35 
36 
38 
39 
41 
42 
43 
44 
45 
46 
48 
49 
52 
53 
54 
55 
56 
57 
58 
59 
60 
61 
62 
63 
64 
65 
66 
67 
68 
69 
70 
71 
72 
74 
76 
77 
80 
81 
82 
83 
84 
85 
86 
87 
88 
89 
90 
91 
92 
93 
94 
95 
96 
97 
98 
99 
100 
102 
105 
106 
108 
109 
110 
112 
114 
115 
116 
117 
118 
119 
120 
121 
122 
123 
124 
125 
126 
129 
132 
133 
134 
135 
136 
137 
138 
139 
140 
141 
142 
143 
144 
145 
146 
147 
148 
149 
150 
151 
152 
153 
157 
158 
160 
161 
164 
166 
167 
168 
169 
170 
171 
172 
173 
176 
177 
180 
183 
184 
185 
186 
187 
188 
189 
190 
191 
192 
193 
194 
195 
196 
199 
200 
206 
207 
208 
210 
212 
213 
214 
215 
217 
220 
221 
222 
223 
224 
227 
229 
230 
231 
232 
233 
236 
253 
276 
280 
281 
285 
291 
292 
295 
307 
308 
313 
314 
315 
320 
322 
323 
333 
342 
347 
348 
353 
372 
384 
385 
386 
387 
400 
401 
404 
414 
425 
428 
437 
447 
448 
449 
451 
452 
456 
463 
481 
486 
487 
489 
490 
592 
603 
644 
