125
0.000000 0.000000 0.000000
0.000000 0.002500 0.000000
0.000000 0.005000 0.000000
0.000000 0.007500 0.000000
0.000000 0.010000 0.000000
0.002500 0.000000 0.000000
0.002500 0.002500 0.000000
0.002500 0.005000 0.000000
0.002500 0.007500 0.000000
0.002500 0.010000 0.000000
0.005000 0.000000 0.000000
0.005000 0.002500 0.000000
0.005000 0.005000 0.000000
0.005000 0.007500 0.000000
0.005000 0.010000 0.000000
0.007500 0.000000 0.000000
0.007500 0.002500 0.000000
0.007500 0.005000 0.000000
0.007500 0.007500 0.000000
0.007500 0.010000 0.000000
0.010000 0.000000 0.000000
0.010000 0.002500 0.000000
0.010000 0.005000 0.000000
0.010000 0.007500 0.000000
0.010000 0.010000 0.000000
0.000000 0.000000 0.012500
0.000000 0.002500 0.012500
0.000000 0.005000 0.012500
0.000000 0.007500 0.012500
0.000000 0.010000 0.012500
0.002500 0.000000 0.012500
0.002500 0.002500 0.012500
0.002500 0.005000 0.012500
0.002500 0.007500 0.012500
0.002500 0.010000 0.012500
0.005000 0.000000 0.012500
0.005000 0.002500 0.012500
0.005000 0.005000 0.012500
0.005000 0.007500 0.012500
0.005000 0.010000 0.012500
0.007500 0.000000 0.012500
0.007500 0.002500 0.012500
0.007500 0.005000 0.012500
0.007500 0.007500 0.012500
0.007500 0.010000 0.012500
0.010000 0.000000 0.012500
0.010000 0.002500 0.012500
0.010000 0.005000 0.012500
0.010000 0.007500 0.012500
0.010000 0.010000 0.012500
0.000000 0.000000 0.025000
0.000000 0.002500 0.025000
0.000000 0.005000 0.025000
0.000000 0.007500 0.025000
0.000000 0.010000 0.025000
0.002500 0.000000 0.025000
0.002500 0.002500 0.025000
0.002500 0.005000 0.025000
0.002500 0.007500 0.025000
0.002500 0.010000 0.025000
0.005000 0.000000 0.025000
0.005000 0.002500 0.025000
0.005000 0.005000 0.025000
0.005000 0.007500 0.025000
0.005000 0.010000 0.025000
0.007500 0.000000 0.025000
0.007500 0.002500 0.025000
0.007500 0.005000 0.025000
0.007500 0.007500 0.025000
0.007500 0.010000 0.025000
0.010000 0.000000 0.025000
0.010000 0.002500 0.025000
0.010000 0.005000 0.025000
0.010000 0.007500 0.025000
0.010000 0.010000 0.025000
0.000000 0.000000 0.037500
0.000000 0.002500 0.037500
0.000000 0.005000 0.037500
0.000000 0.007500 0.037500
0.000000 0.010000 0.037500
0.002500 0.000000 0.037500
0.002500 0.002500 0.037500
0.002500 0.005000 0.037500
0.002500 0.007500 0.037500
0.002500 0.010000 0.037500
0.005000 0.000000 0.037500
0.005000 0.002500 0.037500
0.005000 0.005000 0.037500
0.005000 0.007500 0.037500
0.005000 0.010000 0.037500
0.007500 0.000000 0.037500
0.007500 0.002500 0.037500
0.007500 0.005000 0.037500
0.007500 0.007500 0.037500
0.007500 0.010000 0.037500
0.010000 0.000000 0.037500
0.010000 0.002500 0.037500
0.010000 0.005000 0.037500
0.010000 0.007500 0.037500
0.010000 0.010000 0.037500
0.000000 0.000000 0.050000
0.000000 0.002500 0.050000
0.000000 0.005000 0.050000
0.000000 0.007500 0.050000
0.000000 0.010000 0.050000
0.002500 0.000000 0.050000
0.002500 0.002500 0.050000
0.002500 0.005000 0.050000
0.002500 0.007500 0.050000
0.002500 0.010000 0.050000
0.005000 0.000000 0.050000
0.005000 0.002500 0.050000
0.005000 0.005000 0.050000
0.005000 0.007500 0.050000
0.005000 0.010000 0.050000
0.007500 0.000000 0.050000
0.007500 0.002500 0.050000
0.007500 0.005000 0.050000
0.007500 0.007500 0.050000
0.007500 0.010000 0.050000
0.010000 0.000000 0.050000
0.010000 0.002500 0.050000
0.010000 0.005000 0.050000
0.010000 0.007500 0.050000
0.010000 0.010000 0.050000
