2560 4
82 0 10 1
82 90 0 81
82 10 90 91
0 90 10 9
82 0 90 10
2 83 92 82
82 92 10 91
2 10 92 11
2 82 10 1
2 92 10 82
84 2 12 3
84 92 2 83
84 12 92 93
2 92 12 11
84 2 92 12
4 85 94 84
84 94 12 93
4 12 94 13
4 84 12 3
4 94 12 84
86 4 14 5
86 94 4 85
86 14 94 95
4 94 14 13
86 4 94 14
6 87 96 86
86 96 14 95
6 14 96 15
6 86 14 5
6 96 14 86
88 6 16 7
88 96 6 87
88 16 96 97
6 96 16 15
88 6 96 16
8 89 98 88
88 98 16 97
8 16 98 17
8 88 16 7
8 98 16 88
10 91 100 90
90 100 18 99
10 18 100 19
10 90 18 9
10 100 18 90
92 10 20 11
92 100 10 91
92 20 100 101
10 100 20 19
92 10 100 20
12 93 102 92
92 102 20 101
12 20 102 21
12 92 20 11
12 102 20 92
94 12 22 13
94 102 12 93
94 22 102 103
12 102 22 21
94 12 102 22
14 95 104 94
94 104 22 103
14 22 104 23
14 94 22 13
14 104 22 94
96 14 24 15
96 104 14 95
96 24 104 105
14 104 24 23
96 14 104 24
16 97 106 96
96 106 24 105
16 24 106 25
16 96 24 15
16 106 24 96
98 16 26 17
98 106 16 97
98 26 106 107
16 106 26 25
98 16 106 26
100 18 28 19
100 108 18 99
100 28 108 109
18 108 28 27
100 18 108 28
20 101 110 100
100 110 28 109
20 28 110 29
20 100 28 19
20 110 28 100
102 20 30 21
102 110 20 101
102 30 110 111
20 110 30 29
102 20 110 30
22 103 112 102
102 112 30 111
22 30 112 31
22 102 30 21
22 112 30 102
104 22 32 23
104 112 22 103
104 32 112 113
22 112 32 31
104 22 112 32
24 105 114 104
104 114 32 113
24 32 114 33
24 104 32 23
24 114 32 104
106 24 34 25
106 114 24 105
106 34 114 115
24 114 34 33
106 24 114 34
26 107 116 106
106 116 34 115
26 34 116 35
26 106 34 25
26 116 34 106
28 109 118 108
108 118 36 117
28 36 118 37
28 108 36 27
28 118 36 108
110 28 38 29
110 118 28 109
110 38 118 119
28 118 38 37
110 28 118 38
30 111 120 110
110 120 38 119
30 38 120 39
30 110 38 29
30 120 38 110
112 30 40 31
112 120 30 111
112 40 120 121
30 120 40 39
112 30 120 40
32 113 122 112
112 122 40 121
32 40 122 41
32 112 40 31
32 122 40 112
114 32 42 33
114 122 32 113
114 42 122 123
32 122 42 41
114 32 122 42
34 115 124 114
114 124 42 123
34 42 124 43
34 114 42 33
34 124 42 114
116 34 44 35
116 124 34 115
116 44 124 125
34 124 44 43
116 34 124 44
118 36 46 37
118 126 36 117
118 46 126 127
36 126 46 45
118 36 126 46
38 119 128 118
118 128 46 127
38 46 128 47
38 118 46 37
38 128 46 118
120 38 48 39
120 128 38 119
120 48 128 129
38 128 48 47
120 38 128 48
40 121 130 120
120 130 48 129
40 48 130 49
40 120 48 39
40 130 48 120
122 40 50 41
122 130 40 121
122 50 130 131
40 130 50 49
122 40 130 50
42 123 132 122
122 132 50 131
42 50 132 51
42 122 50 41
42 132 50 122
124 42 52 43
124 132 42 123
124 52 132 133
42 132 52 51
124 42 132 52
44 125 134 124
124 134 52 133
44 52 134 53
44 124 52 43
44 134 52 124
46 127 136 126
126 136 54 135
46 54 136 55
46 126 54 45
46 136 54 126
128 46 56 47
128 136 46 127
128 56 136 137
46 136 56 55
128 46 136 56
48 129 138 128
128 138 56 137
48 56 138 57
48 128 56 47
48 138 56 128
130 48 58 49
130 138 48 129
130 58 138 139
48 138 58 57
130 48 138 58
50 131 140 130
130 140 58 139
50 58 140 59
50 130 58 49
50 140 58 130
132 50 60 51
132 140 50 131
132 60 140 141
50 140 60 59
132 50 140 60
52 133 142 132
132 142 60 141
52 60 142 61
52 132 60 51
52 142 60 132
134 52 62 53
134 142 52 133
134 62 142 143
52 142 62 61
134 52 142 62
136 54 64 55
136 144 54 135
136 64 144 145
54 144 64 63
136 54 144 64
56 137 146 136
136 146 64 145
56 64 146 65
56 136 64 55
56 146 64 136
138 56 66 57
138 146 56 137
138 66 146 147
56 146 66 65
138 56 146 66
58 139 148 138
138 148 66 147
58 66 148 67
58 138 66 57
58 148 66 138
140 58 68 59
140 148 58 139
140 68 148 149
58 148 68 67
140 58 148 68
60 141 150 140
140 150 68 149
60 68 150 69
60 140 68 59
60 150 68 140
142 60 70 61
142 150 60 141
142 70 150 151
60 150 70 69
142 60 150 70
62 143 152 142
142 152 70 151
62 70 152 71
62 142 70 61
62 152 70 142
64 145 154 144
144 154 72 153
64 72 154 73
64 144 72 63
64 154 72 144
146 64 74 65
146 154 64 145
146 74 154 155
64 154 74 73
146 64 154 74
66 147 156 146
146 156 74 155
66 74 156 75
66 146 74 65
66 156 74 146
148 66 76 67
148 156 66 147
148 76 156 157
66 156 76 75
148 66 156 76
68 149 158 148
148 158 76 157
68 76 158 77
68 148 76 67
68 158 76 148
150 68 78 69
150 158 68 149
150 78 158 159
68 158 78 77
150 68 158 78
70 151 160 150
150 160 78 159
70 78 160 79
70 150 78 69
70 160 78 150
152 70 80 71
152 160 70 151
152 80 160 161
70 160 80 79
152 70 160 80
82 163 172 162
162 172 90 171
82 90 172 91
82 162 90 81
82 172 90 162
164 82 92 83
164 172 82 163
164 92 172 173
82 172 92 91
164 82 172 92
84 165 174 164
164 174 92 173
84 92 174 93
84 164 92 83
84 174 92 164
166 84 94 85
166 174 84 165
166 94 174 175
84 174 94 93
166 84 174 94
86 167 176 166
166 176 94 175
86 94 176 95
86 166 94 85
86 176 94 166
168 86 96 87
168 176 86 167
168 96 176 177
86 176 96 95
168 86 176 96
88 169 178 168
168 178 96 177
88 96 178 97
88 168 96 87
88 178 96 168
170 88 98 89
170 178 88 169
170 98 178 179
88 178 98 97
170 88 178 98
172 90 100 91
172 180 90 171
172 100 180 181
90 180 100 99
172 90 180 100
92 173 182 172
172 182 100 181
92 100 182 101
92 172 100 91
92 182 100 172
174 92 102 93
174 182 92 173
174 102 182 183
92 182 102 101
174 92 182 102
94 175 184 174
174 184 102 183
94 102 184 103
94 174 102 93
94 184 102 174
176 94 104 95
176 184 94 175
176 104 184 185
94 184 104 103
176 94 184 104
96 177 186 176
176 186 104 185
96 104 186 105
96 176 104 95
96 186 104 176
178 96 106 97
178 186 96 177
178 106 186 187
96 186 106 105
178 96 186 106
98 179 188 178
178 188 106 187
98 106 188 107
98 178 106 97
98 188 106 178
100 181 190 180
180 190 108 189
100 108 190 109
100 180 108 99
100 190 108 180
182 100 110 101
182 190 100 181
182 110 190 191
100 190 110 109
182 100 190 110
102 183 192 182
182 192 110 191
102 110 192 111
102 182 110 101
102 192 110 182
184 102 112 103
184 192 102 183
184 112 192 193
102 192 112 111
184 102 192 112
104 185 194 184
184 194 112 193
104 112 194 113
104 184 112 103
104 194 112 184
186 104 114 105
186 194 104 185
186 114 194 195
104 194 114 113
186 104 194 114
106 187 196 186
186 196 114 195
106 114 196 115
106 186 114 105
106 196 114 186
188 106 116 107
188 196 106 187
188 116 196 197
106 196 116 115
188 106 196 116
190 108 118 109
190 198 108 189
190 118 198 199
108 198 118 117
190 108 198 118
110 191 200 190
190 200 118 199
110 118 200 119
110 190 118 109
110 200 118 190
192 110 120 111
192 200 110 191
192 120 200 201
110 200 120 119
192 110 200 120
112 193 202 192
192 202 120 201
112 120 202 121
112 192 120 111
112 202 120 192
194 112 122 113
194 202 112 193
194 122 202 203
112 202 122 121
194 112 202 122
114 195 204 194
194 204 122 203
114 122 204 123
114 194 122 113
114 204 122 194
196 114 124 115
196 204 114 195
196 124 204 205
114 204 124 123
196 114 204 124
116 197 206 196
196 206 124 205
116 124 206 125
116 196 124 115
116 206 124 196
118 199 208 198
198 208 126 207
118 126 208 127
118 198 126 117
118 208 126 198
200 118 128 119
200 208 118 199
200 128 208 209
118 208 128 127
200 118 208 128
120 201 210 200
200 210 128 209
120 128 210 129
120 200 128 119
120 210 128 200
202 120 130 121
202 210 120 201
202 130 210 211
120 210 130 129
202 120 210 130
122 203 212 202
202 212 130 211
122 130 212 131
122 202 130 121
122 212 130 202
204 122 132 123
204 212 122 203
204 132 212 213
122 212 132 131
204 122 212 132
124 205 214 204
204 214 132 213
124 132 214 133
124 204 132 123
124 214 132 204
206 124 134 125
206 214 124 205
206 134 214 215
124 214 134 133
206 124 214 134
208 126 136 127
208 216 126 207
208 136 216 217
126 216 136 135
208 126 216 136
128 209 218 208
208 218 136 217
128 136 218 137
128 208 136 127
128 218 136 208
210 128 138 129
210 218 128 209
210 138 218 219
128 218 138 137
210 128 218 138
130 211 220 210
210 220 138 219
130 138 220 139
130 210 138 129
130 220 138 210
212 130 140 131
212 220 130 211
212 140 220 221
130 220 140 139
212 130 220 140
132 213 222 212
212 222 140 221
132 140 222 141
132 212 140 131
132 222 140 212
214 132 142 133
214 222 132 213
214 142 222 223
132 222 142 141
214 132 222 142
134 215 224 214
214 224 142 223
134 142 224 143
134 214 142 133
134 224 142 214
136 217 226 216
216 226 144 225
136 144 226 145
136 216 144 135
136 226 144 216
218 136 146 137
218 226 136 217
218 146 226 227
136 226 146 145
218 136 226 146
138 219 228 218
218 228 146 227
138 146 228 147
138 218 146 137
138 228 146 218
220 138 148 139
220 228 138 219
220 148 228 229
138 228 148 147
220 138 228 148
140 221 230 220
220 230 148 229
140 148 230 149
140 220 148 139
140 230 148 220
222 140 150 141
222 230 140 221
222 150 230 231
140 230 150 149
222 140 230 150
142 223 232 222
222 232 150 231
142 150 232 151
142 222 150 141
142 232 150 222
224 142 152 143
224 232 142 223
224 152 232 233
142 232 152 151
224 142 232 152
226 144 154 145
226 234 144 225
226 154 234 235
144 234 154 153
226 144 234 154
146 227 236 226
226 236 154 235
146 154 236 155
146 226 154 145
146 236 154 226
228 146 156 147
228 236 146 227
228 156 236 237
146 236 156 155
228 146 236 156
148 229 238 228
228 238 156 237
148 156 238 157
148 228 156 147
148 238 156 228
230 148 158 149
230 238 148 229
230 158 238 239
148 238 158 157
230 148 238 158
150 231 240 230
230 240 158 239
150 158 240 159
150 230 158 149
150 240 158 230
232 150 160 151
232 240 150 231
232 160 240 241
150 240 160 159
232 150 240 160
152 233 242 232
232 242 160 241
152 160 242 161
152 232 160 151
152 242 160 232
244 162 172 163
244 252 162 243
244 172 252 253
162 252 172 171
244 162 252 172
164 245 254 244
244 254 172 253
164 172 254 173
164 244 172 163
164 254 172 244
246 164 174 165
246 254 164 245
246 174 254 255
164 254 174 173
246 164 254 174
166 247 256 246
246 256 174 255
166 174 256 175
166 246 174 165
166 256 174 246
248 166 176 167
248 256 166 247
248 176 256 257
166 256 176 175
248 166 256 176
168 249 258 248
248 258 176 257
168 176 258 177
168 248 176 167
168 258 176 248
250 168 178 169
250 258 168 249
250 178 258 259
168 258 178 177
250 168 258 178
170 251 260 250
250 260 178 259
170 178 260 179
170 250 178 169
170 260 178 250
172 253 262 252
252 262 180 261
172 180 262 181
172 252 180 171
172 262 180 252
254 172 182 173
254 262 172 253
254 182 262 263
172 262 182 181
254 172 262 182
174 255 264 254
254 264 182 263
174 182 264 183
174 254 182 173
174 264 182 254
256 174 184 175
256 264 174 255
256 184 264 265
174 264 184 183
256 174 264 184
176 257 266 256
256 266 184 265
176 184 266 185
176 256 184 175
176 266 184 256
258 176 186 177
258 266 176 257
258 186 266 267
176 266 186 185
258 176 266 186
178 259 268 258
258 268 186 267
178 186 268 187
178 258 186 177
178 268 186 258
260 178 188 179
260 268 178 259
260 188 268 269
178 268 188 187
260 178 268 188
262 180 190 181
262 270 180 261
262 190 270 271
180 270 190 189
262 180 270 190
182 263 272 262
262 272 190 271
182 190 272 191
182 262 190 181
182 272 190 262
264 182 192 183
264 272 182 263
264 192 272 273
182 272 192 191
264 182 272 192
184 265 274 264
264 274 192 273
184 192 274 193
184 264 192 183
184 274 192 264
266 184 194 185
266 274 184 265
266 194 274 275
184 274 194 193
266 184 274 194
186 267 276 266
266 276 194 275
186 194 276 195
186 266 194 185
186 276 194 266
268 186 196 187
268 276 186 267
268 196 276 277
186 276 196 195
268 186 276 196
188 269 278 268
268 278 196 277
188 196 278 197
188 268 196 187
188 278 196 268
190 271 280 270
270 280 198 279
190 198 280 199
190 270 198 189
190 280 198 270
272 190 200 191
272 280 190 271
272 200 280 281
190 280 200 199
272 190 280 200
192 273 282 272
272 282 200 281
192 200 282 201
192 272 200 191
192 282 200 272
274 192 202 193
274 282 192 273
274 202 282 283
192 282 202 201
274 192 282 202
194 275 284 274
274 284 202 283
194 202 284 203
194 274 202 193
194 284 202 274
276 194 204 195
276 284 194 275
276 204 284 285
194 284 204 203
276 194 284 204
196 277 286 276
276 286 204 285
196 204 286 205
196 276 204 195
196 286 204 276
278 196 206 197
278 286 196 277
278 206 286 287
196 286 206 205
278 196 286 206
280 198 208 199
280 288 198 279
280 208 288 289
198 288 208 207
280 198 288 208
200 281 290 280
280 290 208 289
200 208 290 209
200 280 208 199
200 290 208 280
282 200 210 201
282 290 200 281
282 210 290 291
200 290 210 209
282 200 290 210
202 283 292 282
282 292 210 291
202 210 292 211
202 282 210 201
202 292 210 282
284 202 212 203
284 292 202 283
284 212 292 293
202 292 212 211
284 202 292 212
204 285 294 284
284 294 212 293
204 212 294 213
204 284 212 203
204 294 212 284
286 204 214 205
286 294 204 285
286 214 294 295
204 294 214 213
286 204 294 214
206 287 296 286
286 296 214 295
206 214 296 215
206 286 214 205
206 296 214 286
208 289 298 288
288 298 216 297
208 216 298 217
208 288 216 207
208 298 216 288
290 208 218 209
290 298 208 289
290 218 298 299
208 298 218 217
290 208 298 218
210 291 300 290
290 300 218 299
210 218 300 219
210 290 218 209
210 300 218 290
292 210 220 211
292 300 210 291
292 220 300 301
210 300 220 219
292 210 300 220
212 293 302 292
292 302 220 301
212 220 302 221
212 292 220 211
212 302 220 292
294 212 222 213
294 302 212 293
294 222 302 303
212 302 222 221
294 212 302 222
214 295 304 294
294 304 222 303
214 222 304 223
214 294 222 213
214 304 222 294
296 214 224 215
296 304 214 295
296 224 304 305
214 304 224 223
296 214 304 224
298 216 226 217
298 306 216 297
298 226 306 307
216 306 226 225
298 216 306 226
218 299 308 298
298 308 226 307
218 226 308 227
218 298 226 217
218 308 226 298
300 218 228 219
300 308 218 299
300 228 308 309
218 308 228 227
300 218 308 228
220 301 310 300
300 310 228 309
220 228 310 229
220 300 228 219
220 310 228 300
302 220 230 221
302 310 220 301
302 230 310 311
220 310 230 229
302 220 310 230
222 303 312 302
302 312 230 311
222 230 312 231
222 302 230 221
222 312 230 302
304 222 232 223
304 312 222 303
304 232 312 313
222 312 232 231
304 222 312 232
224 305 314 304
304 314 232 313
224 232 314 233
224 304 232 223
224 314 232 304
226 307 316 306
306 316 234 315
226 234 316 235
226 306 234 225
226 316 234 306
308 226 236 227
308 316 226 307
308 236 316 317
226 316 236 235
308 226 316 236
228 309 318 308
308 318 236 317
228 236 318 237
228 308 236 227
228 318 236 308
310 228 238 229
310 318 228 309
310 238 318 319
228 318 238 237
310 228 318 238
230 311 320 310
310 320 238 319
230 238 320 239
230 310 238 229
230 320 238 310
312 230 240 231
312 320 230 311
312 240 320 321
230 320 240 239
312 230 320 240
232 313 322 312
312 322 240 321
232 240 322 241
232 312 240 231
232 322 240 312
314 232 242 233
314 322 232 313
314 242 322 323
232 322 242 241
314 232 322 242
244 325 334 324
324 334 252 333
244 252 334 253
244 324 252 243
244 334 252 324
326 244 254 245
326 334 244 325
326 254 334 335
244 334 254 253
326 244 334 254
246 327 336 326
326 336 254 335
246 254 336 255
246 326 254 245
246 336 254 326
328 246 256 247
328 336 246 327
328 256 336 337
246 336 256 255
328 246 336 256
248 329 338 328
328 338 256 337
248 256 338 257
248 328 256 247
248 338 256 328
330 248 258 249
330 338 248 329
330 258 338 339
248 338 258 257
330 248 338 258
250 331 340 330
330 340 258 339
250 258 340 259
250 330 258 249
250 340 258 330
332 250 260 251
332 340 250 331
332 260 340 341
250 340 260 259
332 250 340 260
334 252 262 253
334 342 252 333
334 262 342 343
252 342 262 261
334 252 342 262
254 335 344 334
334 344 262 343
254 262 344 263
254 334 262 253
254 344 262 334
336 254 264 255
336 344 254 335
336 264 344 345
254 344 264 263
336 254 344 264
256 337 346 336
336 346 264 345
256 264 346 265
256 336 264 255
256 346 264 336
338 256 266 257
338 346 256 337
338 266 346 347
256 346 266 265
338 256 346 266
258 339 348 338
338 348 266 347
258 266 348 267
258 338 266 257
258 348 266 338
340 258 268 259
340 348 258 339
340 268 348 349
258 348 268 267
340 258 348 268
260 341 350 340
340 350 268 349
260 268 350 269
260 340 268 259
260 350 268 340
262 343 352 342
342 352 270 351
262 270 352 271
262 342 270 261
262 352 270 342
344 262 272 263
344 352 262 343
344 272 352 353
262 352 272 271
344 262 352 272
264 345 354 344
344 354 272 353
264 272 354 273
264 344 272 263
264 354 272 344
346 264 274 265
346 354 264 345
346 274 354 355
264 354 274 273
346 264 354 274
266 347 356 346
346 356 274 355
266 274 356 275
266 346 274 265
266 356 274 346
348 266 276 267
348 356 266 347
348 276 356 357
266 356 276 275
348 266 356 276
268 349 358 348
348 358 276 357
268 276 358 277
268 348 276 267
268 358 276 348
350 268 278 269
350 358 268 349
350 278 358 359
268 358 278 277
350 268 358 278
352 270 280 271
352 360 270 351
352 280 360 361
270 360 280 279
352 270 360 280
272 353 362 352
352 362 280 361
272 280 362 281
272 352 280 271
272 362 280 352
354 272 282 273
354 362 272 353
354 282 362 363
272 362 282 281
354 272 362 282
274 355 364 354
354 364 282 363
274 282 364 283
274 354 282 273
274 364 282 354
356 274 284 275
356 364 274 355
356 284 364 365
274 364 284 283
356 274 364 284
276 357 366 356
356 366 284 365
276 284 366 285
276 356 284 275
276 366 284 356
358 276 286 277
358 366 276 357
358 286 366 367
276 366 286 285
358 276 366 286
278 359 368 358
358 368 286 367
278 286 368 287
278 358 286 277
278 368 286 358
280 361 370 360
360 370 288 369
280 288 370 289
280 360 288 279
280 370 288 360
362 280 290 281
362 370 280 361
362 290 370 371
280 370 290 289
362 280 370 290
282 363 372 362
362 372 290 371
282 290 372 291
282 362 290 281
282 372 290 362
364 282 292 283
364 372 282 363
364 292 372 373
282 372 292 291
364 282 372 292
284 365 374 364
364 374 292 373
284 292 374 293
284 364 292 283
284 374 292 364
366 284 294 285
366 374 284 365
366 294 374 375
284 374 294 293
366 284 374 294
286 367 376 366
366 376 294 375
286 294 376 295
286 366 294 285
286 376 294 366
368 286 296 287
368 376 286 367
368 296 376 377
286 376 296 295
368 286 376 296
370 288 298 289
370 378 288 369
370 298 378 379
288 378 298 297
370 288 378 298
290 371 380 370
370 380 298 379
290 298 380 299
290 370 298 289
290 380 298 370
372 290 300 291
372 380 290 371
372 300 380 381
290 380 300 299
372 290 380 300
292 373 382 372
372 382 300 381
292 300 382 301
292 372 300 291
292 382 300 372
374 292 302 293
374 382 292 373
374 302 382 383
292 382 302 301
374 292 382 302
294 375 384 374
374 384 302 383
294 302 384 303
294 374 302 293
294 384 302 374
376 294 304 295
376 384 294 375
376 304 384 385
294 384 304 303
376 294 384 304
296 377 386 376
376 386 304 385
296 304 386 305
296 376 304 295
296 386 304 376
298 379 388 378
378 388 306 387
298 306 388 307
298 378 306 297
298 388 306 378
380 298 308 299
380 388 298 379
380 308 388 389
298 388 308 307
380 298 388 308
300 381 390 380
380 390 308 389
300 308 390 309
300 380 308 299
300 390 308 380
382 300 310 301
382 390 300 381
382 310 390 391
300 390 310 309
382 300 390 310
302 383 392 382
382 392 310 391
302 310 392 311
302 382 310 301
302 392 310 382
384 302 312 303
384 392 302 383
384 312 392 393
302 392 312 311
384 302 392 312
304 385 394 384
384 394 312 393
304 312 394 313
304 384 312 303
304 394 312 384
386 304 314 305
386 394 304 385
386 314 394 395
304 394 314 313
386 304 394 314
388 306 316 307
388 396 306 387
388 316 396 397
306 396 316 315
388 306 396 316
308 389 398 388
388 398 316 397
308 316 398 317
308 388 316 307
308 398 316 388
390 308 318 309
390 398 308 389
390 318 398 399
308 398 318 317
390 308 398 318
310 391 400 390
390 400 318 399
310 318 400 319
310 390 318 309
310 400 318 390
392 310 320 311
392 400 310 391
392 320 400 401
310 400 320 319
392 310 400 320
312 393 402 392
392 402 320 401
312 320 402 321
312 392 320 311
312 402 320 392
394 312 322 313
394 402 312 393
394 322 402 403
312 402 322 321
394 312 402 322
314 395 404 394
394 404 322 403
314 322 404 323
314 394 322 313
314 404 322 394
406 324 334 325
406 414 324 405
406 334 414 415
324 414 334 333
406 324 414 334
326 407 416 406
406 416 334 415
326 334 416 335
326 406 334 325
326 416 334 406
408 326 336 327
408 416 326 407
408 336 416 417
326 416 336 335
408 326 416 336
328 409 418 408
408 418 336 417
328 336 418 337
328 408 336 327
328 418 336 408
410 328 338 329
410 418 328 409
410 338 418 419
328 418 338 337
410 328 418 338
330 411 420 410
410 420 338 419
330 338 420 339
330 410 338 329
330 420 338 410
412 330 340 331
412 420 330 411
412 340 420 421
330 420 340 339
412 330 420 340
332 413 422 412
412 422 340 421
332 340 422 341
332 412 340 331
332 422 340 412
334 415 424 414
414 424 342 423
334 342 424 343
334 414 342 333
334 424 342 414
416 334 344 335
416 424 334 415
416 344 424 425
334 424 344 343
416 334 424 344
336 417 426 416
416 426 344 425
336 344 426 345
336 416 344 335
336 426 344 416
418 336 346 337
418 426 336 417
418 346 426 427
336 426 346 345
418 336 426 346
338 419 428 418
418 428 346 427
338 346 428 347
338 418 346 337
338 428 346 418
420 338 348 339
420 428 338 419
420 348 428 429
338 428 348 347
420 338 428 348
340 421 430 420
420 430 348 429
340 348 430 349
340 420 348 339
340 430 348 420
422 340 350 341
422 430 340 421
422 350 430 431
340 430 350 349
422 340 430 350
424 342 352 343
424 432 342 423
424 352 432 433
342 432 352 351
424 342 432 352
344 425 434 424
424 434 352 433
344 352 434 353
344 424 352 343
344 434 352 424
426 344 354 345
426 434 344 425
426 354 434 435
344 434 354 353
426 344 434 354
346 427 436 426
426 436 354 435
346 354 436 355
346 426 354 345
346 436 354 426
428 346 356 347
428 436 346 427
428 356 436 437
346 436 356 355
428 346 436 356
348 429 438 428
428 438 356 437
348 356 438 357
348 428 356 347
348 438 356 428
430 348 358 349
430 438 348 429
430 358 438 439
348 438 358 357
430 348 438 358
350 431 440 430
430 440 358 439
350 358 440 359
350 430 358 349
350 440 358 430
352 433 442 432
432 442 360 441
352 360 442 361
352 432 360 351
352 442 360 432
434 352 362 353
434 442 352 433
434 362 442 443
352 442 362 361
434 352 442 362
354 435 444 434
434 444 362 443
354 362 444 363
354 434 362 353
354 444 362 434
436 354 364 355
436 444 354 435
436 364 444 445
354 444 364 363
436 354 444 364
356 437 446 436
436 446 364 445
356 364 446 365
356 436 364 355
356 446 364 436
438 356 366 357
438 446 356 437
438 366 446 447
356 446 366 365
438 356 446 366
358 439 448 438
438 448 366 447
358 366 448 367
358 438 366 357
358 448 366 438
440 358 368 359
440 448 358 439
440 368 448 449
358 448 368 367
440 358 448 368
442 360 370 361
442 450 360 441
442 370 450 451
360 450 370 369
442 360 450 370
362 443 452 442
442 452 370 451
362 370 452 371
362 442 370 361
362 452 370 442
444 362 372 363
444 452 362 443
444 372 452 453
362 452 372 371
444 362 452 372
364 445 454 444
444 454 372 453
364 372 454 373
364 444 372 363
364 454 372 444
446 364 374 365
446 454 364 445
446 374 454 455
364 454 374 373
446 364 454 374
366 447 456 446
446 456 374 455
366 374 456 375
366 446 374 365
366 456 374 446
448 366 376 367
448 456 366 447
448 376 456 457
366 456 376 375
448 366 456 376
368 449 458 448
448 458 376 457
368 376 458 377
368 448 376 367
368 458 376 448
370 451 460 450
450 460 378 459
370 378 460 379
370 450 378 369
370 460 378 450
452 370 380 371
452 460 370 451
452 380 460 461
370 460 380 379
452 370 460 380
372 453 462 452
452 462 380 461
372 380 462 381
372 452 380 371
372 462 380 452
454 372 382 373
454 462 372 453
454 382 462 463
372 462 382 381
454 372 462 382
374 455 464 454
454 464 382 463
374 382 464 383
374 454 382 373
374 464 382 454
456 374 384 375
456 464 374 455
456 384 464 465
374 464 384 383
456 374 464 384
376 457 466 456
456 466 384 465
376 384 466 385
376 456 384 375
376 466 384 456
458 376 386 377
458 466 376 457
458 386 466 467
376 466 386 385
458 376 466 386
460 378 388 379
460 468 378 459
460 388 468 469
378 468 388 387
460 378 468 388
380 461 470 460
460 470 388 469
380 388 470 389
380 460 388 379
380 470 388 460
462 380 390 381
462 470 380 461
462 390 470 471
380 470 390 389
462 380 470 390
382 463 472 462
462 472 390 471
382 390 472 391
382 462 390 381
382 472 390 462
464 382 392 383
464 472 382 463
464 392 472 473
382 472 392 391
464 382 472 392
384 465 474 464
464 474 392 473
384 392 474 393
384 464 392 383
384 474 392 464
466 384 394 385
466 474 384 465
466 394 474 475
384 474 394 393
466 384 474 394
386 467 476 466
466 476 394 475
386 394 476 395
386 466 394 385
386 476 394 466
388 469 478 468
468 478 396 477
388 396 478 397
388 468 396 387
388 478 396 468
470 388 398 389
470 478 388 469
470 398 478 479
388 478 398 397
470 388 478 398
390 471 480 470
470 480 398 479
390 398 480 399
390 470 398 389
390 480 398 470
472 390 400 391
472 480 390 471
472 400 480 481
390 480 400 399
472 390 480 400
392 473 482 472
472 482 400 481
392 400 482 401
392 472 400 391
392 482 400 472
474 392 402 393
474 482 392 473
474 402 482 483
392 482 402 401
474 392 482 402
394 475 484 474
474 484 402 483
394 402 484 403
394 474 402 393
394 484 402 474
476 394 404 395
476 484 394 475
476 404 484 485
394 484 404 403
476 394 484 404
406 487 496 486
486 496 414 495
406 414 496 415
406 486 414 405
406 496 414 486
488 406 416 407
488 496 406 487
488 416 496 497
406 496 416 415
488 406 496 416
408 489 498 488
488 498 416 497
408 416 498 417
408 488 416 407
408 498 416 488
490 408 418 409
490 498 408 489
490 418 498 499
408 498 418 417
490 408 498 418
410 491 500 490
490 500 418 499
410 418 500 419
410 490 418 409
410 500 418 490
492 410 420 411
492 500 410 491
492 420 500 501
410 500 420 419
492 410 500 420
412 493 502 492
492 502 420 501
412 420 502 421
412 492 420 411
412 502 420 492
494 412 422 413
494 502 412 493
494 422 502 503
412 502 422 421
494 412 502 422
496 414 424 415
496 504 414 495
496 424 504 505
414 504 424 423
496 414 504 424
416 497 506 496
496 506 424 505
416 424 506 425
416 496 424 415
416 506 424 496
498 416 426 417
498 506 416 497
498 426 506 507
416 506 426 425
498 416 506 426
418 499 508 498
498 508 426 507
418 426 508 427
418 498 426 417
418 508 426 498
500 418 428 419
500 508 418 499
500 428 508 509
418 508 428 427
500 418 508 428
420 501 510 500
500 510 428 509
420 428 510 429
420 500 428 419
420 510 428 500
502 420 430 421
502 510 420 501
502 430 510 511
420 510 430 429
502 420 510 430
422 503 512 502
502 512 430 511
422 430 512 431
422 502 430 421
422 512 430 502
424 505 514 504
504 514 432 513
424 432 514 433
424 504 432 423
424 514 432 504
506 424 434 425
506 514 424 505
506 434 514 515
424 514 434 433
506 424 514 434
426 507 516 506
506 516 434 515
426 434 516 435
426 506 434 425
426 516 434 506
508 426 436 427
508 516 426 507
508 436 516 517
426 516 436 435
508 426 516 436
428 509 518 508
508 518 436 517
428 436 518 437
428 508 436 427
428 518 436 508
510 428 438 429
510 518 428 509
510 438 518 519
428 518 438 437
510 428 518 438
430 511 520 510
510 520 438 519
430 438 520 439
430 510 438 429
430 520 438 510
512 430 440 431
512 520 430 511
512 440 520 521
430 520 440 439
512 430 520 440
514 432 442 433
514 522 432 513
514 442 522 523
432 522 442 441
514 432 522 442
434 515 524 514
514 524 442 523
434 442 524 443
434 514 442 433
434 524 442 514
516 434 444 435
516 524 434 515
516 444 524 525
434 524 444 443
516 434 524 444
436 517 526 516
516 526 444 525
436 444 526 445
436 516 444 435
436 526 444 516
518 436 446 437
518 526 436 517
518 446 526 527
436 526 446 445
518 436 526 446
438 519 528 518
518 528 446 527
438 446 528 447
438 518 446 437
438 528 446 518
520 438 448 439
520 528 438 519
520 448 528 529
438 528 448 447
520 438 528 448
440 521 530 520
520 530 448 529
440 448 530 449
440 520 448 439
440 530 448 520
442 523 532 522
522 532 450 531
442 450 532 451
442 522 450 441
442 532 450 522
524 442 452 443
524 532 442 523
524 452 532 533
442 532 452 451
524 442 532 452
444 525 534 524
524 534 452 533
444 452 534 453
444 524 452 443
444 534 452 524
526 444 454 445
526 534 444 525
526 454 534 535
444 534 454 453
526 444 534 454
446 527 536 526
526 536 454 535
446 454 536 455
446 526 454 445
446 536 454 526
528 446 456 447
528 536 446 527
528 456 536 537
446 536 456 455
528 446 536 456
448 529 538 528
528 538 456 537
448 456 538 457
448 528 456 447
448 538 456 528
530 448 458 449
530 538 448 529
530 458 538 539
448 538 458 457
530 448 538 458
532 450 460 451
532 540 450 531
532 460 540 541
450 540 460 459
532 450 540 460
452 533 542 532
532 542 460 541
452 460 542 461
452 532 460 451
452 542 460 532
534 452 462 453
534 542 452 533
534 462 542 543
452 542 462 461
534 452 542 462
454 535 544 534
534 544 462 543
454 462 544 463
454 534 462 453
454 544 462 534
536 454 464 455
536 544 454 535
536 464 544 545
454 544 464 463
536 454 544 464
456 537 546 536
536 546 464 545
456 464 546 465
456 536 464 455
456 546 464 536
538 456 466 457
538 546 456 537
538 466 546 547
456 546 466 465
538 456 546 466
458 539 548 538
538 548 466 547
458 466 548 467
458 538 466 457
458 548 466 538
460 541 550 540
540 550 468 549
460 468 550 469
460 540 468 459
460 550 468 540
542 460 470 461
542 550 460 541
542 470 550 551
460 550 470 469
542 460 550 470
462 543 552 542
542 552 470 551
462 470 552 471
462 542 470 461
462 552 470 542
544 462 472 463
544 552 462 543
544 472 552 553
462 552 472 471
544 462 552 472
464 545 554 544
544 554 472 553
464 472 554 473
464 544 472 463
464 554 472 544
546 464 474 465
546 554 464 545
546 474 554 555
464 554 474 473
546 464 554 474
466 547 556 546
546 556 474 555
466 474 556 475
466 546 474 465
466 556 474 546
548 466 476 467
548 556 466 547
548 476 556 557
466 556 476 475
548 466 556 476
550 468 478 469
550 558 468 549
550 478 558 559
468 558 478 477
550 468 558 478
470 551 560 550
550 560 478 559
470 478 560 479
470 550 478 469
470 560 478 550
552 470 480 471
552 560 470 551
552 480 560 561
470 560 480 479
552 470 560 480
472 553 562 552
552 562 480 561
472 480 562 481
472 552 480 471
472 562 480 552
554 472 482 473
554 562 472 553
554 482 562 563
472 562 482 481
554 472 562 482
474 555 564 554
554 564 482 563
474 482 564 483
474 554 482 473
474 564 482 554
556 474 484 475
556 564 474 555
556 484 564 565
474 564 484 483
556 474 564 484
476 557 566 556
556 566 484 565
476 484 566 485
476 556 484 475
476 566 484 556
568 486 496 487
568 576 486 567
568 496 576 577
486 576 496 495
568 486 576 496
488 569 578 568
568 578 496 577
488 496 578 497
488 568 496 487
488 578 496 568
570 488 498 489
570 578 488 569
570 498 578 579
488 578 498 497
570 488 578 498
490 571 580 570
570 580 498 579
490 498 580 499
490 570 498 489
490 580 498 570
572 490 500 491
572 580 490 571
572 500 580 581
490 580 500 499
572 490 580 500
492 573 582 572
572 582 500 581
492 500 582 501
492 572 500 491
492 582 500 572
574 492 502 493
574 582 492 573
574 502 582 583
492 582 502 501
574 492 582 502
494 575 584 574
574 584 502 583
494 502 584 503
494 574 502 493
494 584 502 574
496 577 586 576
576 586 504 585
496 504 586 505
496 576 504 495
496 586 504 576
578 496 506 497
578 586 496 577
578 506 586 587
496 586 506 505
578 496 586 506
498 579 588 578
578 588 506 587
498 506 588 507
498 578 506 497
498 588 506 578
580 498 508 499
580 588 498 579
580 508 588 589
498 588 508 507
580 498 588 508
500 581 590 580
580 590 508 589
500 508 590 509
500 580 508 499
500 590 508 580
582 500 510 501
582 590 500 581
582 510 590 591
500 590 510 509
582 500 590 510
502 583 592 582
582 592 510 591
502 510 592 511
502 582 510 501
502 592 510 582
584 502 512 503
584 592 502 583
584 512 592 593
502 592 512 511
584 502 592 512
586 504 514 505
586 594 504 585
586 514 594 595
504 594 514 513
586 504 594 514
506 587 596 586
586 596 514 595
506 514 596 515
506 586 514 505
506 596 514 586
588 506 516 507
588 596 506 587
588 516 596 597
506 596 516 515
588 506 596 516
508 589 598 588
588 598 516 597
508 516 598 517
508 588 516 507
508 598 516 588
590 508 518 509
590 598 508 589
590 518 598 599
508 598 518 517
590 508 598 518
510 591 600 590
590 600 518 599
510 518 600 519
510 590 518 509
510 600 518 590
592 510 520 511
592 600 510 591
592 520 600 601
510 600 520 519
592 510 600 520
512 593 602 592
592 602 520 601
512 520 602 521
512 592 520 511
512 602 520 592
514 595 604 594
594 604 522 603
514 522 604 523
514 594 522 513
514 604 522 594
596 514 524 515
596 604 514 595
596 524 604 605
514 604 524 523
596 514 604 524
516 597 606 596
596 606 524 605
516 524 606 525
516 596 524 515
516 606 524 596
598 516 526 517
598 606 516 597
598 526 606 607
516 606 526 525
598 516 606 526
518 599 608 598
598 608 526 607
518 526 608 527
518 598 526 517
518 608 526 598
600 518 528 519
600 608 518 599
600 528 608 609
518 608 528 527
600 518 608 528
520 601 610 600
600 610 528 609
520 528 610 529
520 600 528 519
520 610 528 600
602 520 530 521
602 610 520 601
602 530 610 611
520 610 530 529
602 520 610 530
604 522 532 523
604 612 522 603
604 532 612 613
522 612 532 531
604 522 612 532
524 605 614 604
604 614 532 613
524 532 614 533
524 604 532 523
524 614 532 604
606 524 534 525
606 614 524 605
606 534 614 615
524 614 534 533
606 524 614 534
526 607 616 606
606 616 534 615
526 534 616 535
526 606 534 525
526 616 534 606
608 526 536 527
608 616 526 607
608 536 616 617
526 616 536 535
608 526 616 536
528 609 618 608
608 618 536 617
528 536 618 537
528 608 536 527
528 618 536 608
610 528 538 529
610 618 528 609
610 538 618 619
528 618 538 537
610 528 618 538
530 611 620 610
610 620 538 619
530 538 620 539
530 610 538 529
530 620 538 610
532 613 622 612
612 622 540 621
532 540 622 541
532 612 540 531
532 622 540 612
614 532 542 533
614 622 532 613
614 542 622 623
532 622 542 541
614 532 622 542
534 615 624 614
614 624 542 623
534 542 624 543
534 614 542 533
534 624 542 614
616 534 544 535
616 624 534 615
616 544 624 625
534 624 544 543
616 534 624 544
536 617 626 616
616 626 544 625
536 544 626 545
536 616 544 535
536 626 544 616
618 536 546 537
618 626 536 617
618 546 626 627
536 626 546 545
618 536 626 546
538 619 628 618
618 628 546 627
538 546 628 547
538 618 546 537
538 628 546 618
620 538 548 539
620 628 538 619
620 548 628 629
538 628 548 547
620 538 628 548
622 540 550 541
622 630 540 621
622 550 630 631
540 630 550 549
622 540 630 550
542 623 632 622
622 632 550 631
542 550 632 551
542 622 550 541
542 632 550 622
624 542 552 543
624 632 542 623
624 552 632 633
542 632 552 551
624 542 632 552
544 625 634 624
624 634 552 633
544 552 634 553
544 624 552 543
544 634 552 624
626 544 554 545
626 634 544 625
626 554 634 635
544 634 554 553
626 544 634 554
546 627 636 626
626 636 554 635
546 554 636 555
546 626 554 545
546 636 554 626
628 546 556 547
628 636 546 627
628 556 636 637
546 636 556 555
628 546 636 556
548 629 638 628
628 638 556 637
548 556 638 557
548 628 556 547
548 638 556 628
550 631 640 630
630 640 558 639
550 558 640 559
550 630 558 549
550 640 558 630
632 550 560 551
632 640 550 631
632 560 640 641
550 640 560 559
632 550 640 560
552 633 642 632
632 642 560 641
552 560 642 561
552 632 560 551
552 642 560 632
634 552 562 553
634 642 552 633
634 562 642 643
552 642 562 561
634 552 642 562
554 635 644 634
634 644 562 643
554 562 644 563
554 634 562 553
554 644 562 634
636 554 564 555
636 644 554 635
636 564 644 645
554 644 564 563
636 554 644 564
556 637 646 636
636 646 564 645
556 564 646 565
556 636 564 555
556 646 564 636
638 556 566 557
638 646 556 637
638 566 646 647
556 646 566 565
638 556 646 566
568 649 658 648
648 658 576 657
568 576 658 577
568 648 576 567
568 658 576 648
650 568 578 569
650 658 568 649
650 578 658 659
568 658 578 577
650 568 658 578
570 651 660 650
650 660 578 659
570 578 660 579
570 650 578 569
570 660 578 650
652 570 580 571
652 660 570 651
652 580 660 661
570 660 580 579
652 570 660 580
572 653 662 652
652 662 580 661
572 580 662 581
572 652 580 571
572 662 580 652
654 572 582 573
654 662 572 653
654 582 662 663
572 662 582 581
654 572 662 582
574 655 664 654
654 664 582 663
574 582 664 583
574 654 582 573
574 664 582 654
656 574 584 575
656 664 574 655
656 584 664 665
574 664 584 583
656 574 664 584
658 576 586 577
658 666 576 657
658 586 666 667
576 666 586 585
658 576 666 586
578 659 668 658
658 668 586 667
578 586 668 587
578 658 586 577
578 668 586 658
660 578 588 579
660 668 578 659
660 588 668 669
578 668 588 587
660 578 668 588
580 661 670 660
660 670 588 669
580 588 670 589
580 660 588 579
580 670 588 660
662 580 590 581
662 670 580 661
662 590 670 671
580 670 590 589
662 580 670 590
582 663 672 662
662 672 590 671
582 590 672 591
582 662 590 581
582 672 590 662
664 582 592 583
664 672 582 663
664 592 672 673
582 672 592 591
664 582 672 592
584 665 674 664
664 674 592 673
584 592 674 593
584 664 592 583
584 674 592 664
586 667 676 666
666 676 594 675
586 594 676 595
586 666 594 585
586 676 594 666
668 586 596 587
668 676 586 667
668 596 676 677
586 676 596 595
668 586 676 596
588 669 678 668
668 678 596 677
588 596 678 597
588 668 596 587
588 678 596 668
670 588 598 589
670 678 588 669
670 598 678 679
588 678 598 597
670 588 678 598
590 671 680 670
670 680 598 679
590 598 680 599
590 670 598 589
590 680 598 670
672 590 600 591
672 680 590 671
672 600 680 681
590 680 600 599
672 590 680 600
592 673 682 672
672 682 600 681
592 600 682 601
592 672 600 591
592 682 600 672
674 592 602 593
674 682 592 673
674 602 682 683
592 682 602 601
674 592 682 602
676 594 604 595
676 684 594 675
676 604 684 685
594 684 604 603
676 594 684 604
596 677 686 676
676 686 604 685
596 604 686 605
596 676 604 595
596 686 604 676
678 596 606 597
678 686 596 677
678 606 686 687
596 686 606 605
678 596 686 606
598 679 688 678
678 688 606 687
598 606 688 607
598 678 606 597
598 688 606 678
680 598 608 599
680 688 598 679
680 608 688 689
598 688 608 607
680 598 688 608
600 681 690 680
680 690 608 689
600 608 690 609
600 680 608 599
600 690 608 680
682 600 610 601
682 690 600 681
682 610 690 691
600 690 610 609
682 600 690 610
602 683 692 682
682 692 610 691
602 610 692 611
602 682 610 601
602 692 610 682
604 685 694 684
684 694 612 693
604 612 694 613
604 684 612 603
604 694 612 684
686 604 614 605
686 694 604 685
686 614 694 695
604 694 614 613
686 604 694 614
606 687 696 686
686 696 614 695
606 614 696 615
606 686 614 605
606 696 614 686
688 606 616 607
688 696 606 687
688 616 696 697
606 696 616 615
688 606 696 616
608 689 698 688
688 698 616 697
608 616 698 617
608 688 616 607
608 698 616 688
690 608 618 609
690 698 608 689
690 618 698 699
608 698 618 617
690 608 698 618
610 691 700 690
690 700 618 699
610 618 700 619
610 690 618 609
610 700 618 690
692 610 620 611
692 700 610 691
692 620 700 701
610 700 620 619
692 610 700 620
694 612 622 613
694 702 612 693
694 622 702 703
612 702 622 621
694 612 702 622
614 695 704 694
694 704 622 703
614 622 704 623
614 694 622 613
614 704 622 694
696 614 624 615
696 704 614 695
696 624 704 705
614 704 624 623
696 614 704 624
616 697 706 696
696 706 624 705
616 624 706 625
616 696 624 615
616 706 624 696
698 616 626 617
698 706 616 697
698 626 706 707
616 706 626 625
698 616 706 626
618 699 708 698
698 708 626 707
618 626 708 627
618 698 626 617
618 708 626 698
700 618 628 619
700 708 618 699
700 628 708 709
618 708 628 627
700 618 708 628
620 701 710 700
700 710 628 709
620 628 710 629
620 700 628 619
620 710 628 700
622 703 712 702
702 712 630 711
622 630 712 631
622 702 630 621
622 712 630 702
704 622 632 623
704 712 622 703
704 632 712 713
622 712 632 631
704 622 712 632
624 705 714 704
704 714 632 713
624 632 714 633
624 704 632 623
624 714 632 704
706 624 634 625
706 714 624 705
706 634 714 715
624 714 634 633
706 624 714 634
626 707 716 706
706 716 634 715
626 634 716 635
626 706 634 625
626 716 634 706
708 626 636 627
708 716 626 707
708 636 716 717
626 716 636 635
708 626 716 636
628 709 718 708
708 718 636 717
628 636 718 637
628 708 636 627
628 718 636 708
710 628 638 629
710 718 628 709
710 638 718 719
628 718 638 637
710 628 718 638
712 630 640 631
712 720 630 711
712 640 720 721
630 720 640 639
712 630 720 640
632 713 722 712
712 722 640 721
632 640 722 641
632 712 640 631
632 722 640 712
714 632 642 633
714 722 632 713
714 642 722 723
632 722 642 641
714 632 722 642
634 715 724 714
714 724 642 723
634 642 724 643
634 714 642 633
634 724 642 714
716 634 644 635
716 724 634 715
716 644 724 725
634 724 644 643
716 634 724 644
636 717 726 716
716 726 644 725
636 644 726 645
636 716 644 635
636 726 644 716
718 636 646 637
718 726 636 717
718 646 726 727
636 726 646 645
718 636 726 646
638 719 728 718
718 728 646 727
638 646 728 647
638 718 646 637
638 728 646 718
