0 0 0 
0 33.3333 0 
33.3333 33.3333 14.2857 
0 0 0 
0 33.3333 14.2857 
0 33.3333 0 
0 33.3333 0 
0 33.3333 14.2857 
33.3333 33.3333 14.2857 
0 0 0 
33.3333 33.3333 14.2857 
0 33.3333 14.2857 
0 33.3333 0 
0 66.6667 0 
33.3333 66.6667 14.2857 
0 33.3333 0 
0 66.6667 14.2857 
0 66.6667 0 
0 66.6667 0 
0 66.6667 14.2857 
33.3333 66.6667 14.2857 
0 33.3333 0 
33.3333 66.6667 14.2857 
0 66.6667 14.2857 
0 66.6667 0 
0 100 0 
33.3333 100 14.2857 
0 66.6667 0 
0 100 14.2857 
0 100 0 
0 100 0 
0 100 14.2857 
33.3333 100 14.2857 
0 66.6667 0 
33.3333 100 14.2857 
0 100 14.2857 
33.3333 0 0 
33.3333 33.3333 0 
66.6667 33.3333 14.2857 
33.3333 0 0 
33.3333 33.3333 14.2857 
33.3333 33.3333 0 
33.3333 33.3333 0 
33.3333 33.3333 14.2857 
66.6667 33.3333 14.2857 
33.3333 0 0 
66.6667 33.3333 14.2857 
33.3333 33.3333 14.2857 
33.3333 33.3333 0 
33.3333 66.6667 0 
66.6667 66.6667 14.2857 
33.3333 33.3333 0 
33.3333 66.6667 14.2857 
33.3333 66.6667 0 
33.3333 66.6667 0 
33.3333 66.6667 14.2857 
66.6667 66.6667 14.2857 
33.3333 33.3333 0 
66.6667 66.6667 14.2857 
33.3333 66.6667 14.2857 
33.3333 66.6667 0 
33.3333 100 0 
66.6667 100 14.2857 
33.3333 66.6667 0 
33.3333 100 14.2857 
33.3333 100 0 
33.3333 100 0 
33.3333 100 14.2857 
66.6667 100 14.2857 
33.3333 66.6667 0 
66.6667 100 14.2857 
33.3333 100 14.2857 
66.6667 0 0 
66.6667 33.3333 0 
100 33.3333 14.2857 
66.6667 0 0 
66.6667 33.3333 14.2857 
66.6667 33.3333 0 
66.6667 33.3333 0 
66.6667 33.3333 14.2857 
100 33.3333 14.2857 
66.6667 0 0 
100 33.3333 14.2857 
66.6667 33.3333 14.2857 
66.6667 33.3333 0 
66.6667 66.6667 0 
100 66.6667 14.2857 
66.6667 33.3333 0 
66.6667 66.6667 14.2857 
66.6667 66.6667 0 
66.6667 66.6667 0 
66.6667 66.6667 14.2857 
100 66.6667 14.2857 
66.6667 33.3333 0 
100 66.6667 14.2857 
66.6667 66.6667 14.2857 
66.6667 66.6667 0 
66.6667 100 0 
100 100 14.2857 
66.6667 66.6667 0 
66.6667 100 14.2857 
66.6667 100 0 
66.6667 100 0 
66.6667 100 14.2857 
100 100 14.2857 
66.6667 66.6667 0 
100 100 14.2857 
66.6667 100 14.2857 
0 0 14.2857 
0 33.3333 14.2857 
33.3333 33.3333 28.5714 
0 0 14.2857 
0 33.3333 28.5714 
0 33.3333 14.2857 
0 33.3333 14.2857 
0 33.3333 28.5714 
33.3333 33.3333 28.5714 
0 0 14.2857 
33.3333 33.3333 28.5714 
0 33.3333 28.5714 
0 33.3333 14.2857 
0 66.6667 14.2857 
33.3333 66.6667 28.5714 
0 33.3333 14.2857 
0 66.6667 28.5714 
0 66.6667 14.2857 
0 66.6667 14.2857 
0 66.6667 28.5714 
33.3333 66.6667 28.5714 
0 33.3333 14.2857 
33.3333 66.6667 28.5714 
0 66.6667 28.5714 
0 66.6667 14.2857 
0 100 14.2857 
33.3333 100 28.5714 
0 66.6667 14.2857 
0 100 28.5714 
0 100 14.2857 
0 100 14.2857 
0 100 28.5714 
33.3333 100 28.5714 
0 66.6667 14.2857 
33.3333 100 28.5714 
0 100 28.5714 
33.3333 0 14.2857 
33.3333 33.3333 14.2857 
66.6667 33.3333 28.5714 
33.3333 0 14.2857 
33.3333 33.3333 28.5714 
33.3333 33.3333 14.2857 
33.3333 33.3333 14.2857 
33.3333 33.3333 28.5714 
66.6667 33.3333 28.5714 
33.3333 0 14.2857 
66.6667 33.3333 28.5714 
33.3333 33.3333 28.5714 
33.3333 33.3333 14.2857 
33.3333 66.6667 14.2857 
66.6667 66.6667 28.5714 
33.3333 33.3333 14.2857 
33.3333 66.6667 28.5714 
33.3333 66.6667 14.2857 
33.3333 66.6667 14.2857 
33.3333 66.6667 28.5714 
66.6667 66.6667 28.5714 
33.3333 33.3333 14.2857 
66.6667 66.6667 28.5714 
33.3333 66.6667 28.5714 
33.3333 66.6667 14.2857 
33.3333 100 14.2857 
66.6667 100 28.5714 
33.3333 66.6667 14.2857 
33.3333 100 28.5714 
33.3333 100 14.2857 
33.3333 100 14.2857 
33.3333 100 28.5714 
66.6667 100 28.5714 
33.3333 66.6667 14.2857 
66.6667 100 28.5714 
33.3333 100 28.5714 
66.6667 0 14.2857 
66.6667 33.3333 14.2857 
100 33.3333 28.5714 
66.6667 0 14.2857 
66.6667 33.3333 28.5714 
66.6667 33.3333 14.2857 
66.6667 33.3333 14.2857 
66.6667 33.3333 28.5714 
100 33.3333 28.5714 
66.6667 0 14.2857 
100 33.3333 28.5714 
66.6667 33.3333 28.5714 
66.6667 33.3333 14.2857 
66.6667 66.6667 14.2857 
100 66.6667 28.5714 
66.6667 33.3333 14.2857 
66.6667 66.6667 28.5714 
66.6667 66.6667 14.2857 
66.6667 66.6667 14.2857 
66.6667 66.6667 28.5714 
100 66.6667 28.5714 
66.6667 33.3333 14.2857 
100 66.6667 28.5714 
66.6667 66.6667 28.5714 
66.6667 66.6667 14.2857 
66.6667 100 14.2857 
100 100 28.5714 
66.6667 66.6667 14.2857 
66.6667 100 28.5714 
66.6667 100 14.2857 
66.6667 100 14.2857 
66.6667 100 28.5714 
100 100 28.5714 
66.6667 66.6667 14.2857 
100 100 28.5714 
66.6667 100 28.5714 
0 0 28.5714 
0 33.3333 28.5714 
33.3333 33.3333 42.8571 
0 0 28.5714 
0 33.3333 42.8571 
0 33.3333 28.5714 
0 33.3333 28.5714 
0 33.3333 42.8571 
33.3333 33.3333 42.8571 
0 0 28.5714 
33.3333 33.3333 42.8571 
0 33.3333 42.8571 
0 33.3333 28.5714 
0 66.6667 28.5714 
33.3333 66.6667 42.8571 
0 33.3333 28.5714 
0 66.6667 42.8571 
0 66.6667 28.5714 
0 66.6667 28.5714 
0 66.6667 42.8571 
33.3333 66.6667 42.8571 
0 33.3333 28.5714 
33.3333 66.6667 42.8571 
0 66.6667 42.8571 
0 66.6667 28.5714 
0 100 28.5714 
33.3333 100 42.8571 
0 66.6667 28.5714 
0 100 42.8571 
0 100 28.5714 
0 100 28.5714 
0 100 42.8571 
33.3333 100 42.8571 
0 66.6667 28.5714 
33.3333 100 42.8571 
0 100 42.8571 
33.3333 0 28.5714 
33.3333 33.3333 28.5714 
66.6667 33.3333 42.8571 
33.3333 0 28.5714 
33.3333 33.3333 42.8571 
33.3333 33.3333 28.5714 
33.3333 33.3333 28.5714 
33.3333 33.3333 42.8571 
66.6667 33.3333 42.8571 
33.3333 0 28.5714 
66.6667 33.3333 42.8571 
33.3333 33.3333 42.8571 
33.3333 33.3333 28.5714 
33.3333 66.6667 28.5714 
66.6667 66.6667 42.8571 
33.3333 33.3333 28.5714 
33.3333 66.6667 42.8571 
33.3333 66.6667 28.5714 
33.3333 66.6667 28.5714 
33.3333 66.6667 42.8571 
66.6667 66.6667 42.8571 
33.3333 33.3333 28.5714 
66.6667 66.6667 42.8571 
33.3333 66.6667 42.8571 
33.3333 66.6667 28.5714 
33.3333 100 28.5714 
66.6667 100 42.8571 
33.3333 66.6667 28.5714 
33.3333 100 42.8571 
33.3333 100 28.5714 
33.3333 100 28.5714 
33.3333 100 42.8571 
66.6667 100 42.8571 
33.3333 66.6667 28.5714 
66.6667 100 42.8571 
33.3333 100 42.8571 
66.6667 0 28.5714 
66.6667 33.3333 28.5714 
100 33.3333 42.8571 
66.6667 0 28.5714 
66.6667 33.3333 42.8571 
66.6667 33.3333 28.5714 
66.6667 33.3333 28.5714 
66.6667 33.3333 42.8571 
100 33.3333 42.8571 
66.6667 0 28.5714 
100 33.3333 42.8571 
66.6667 33.3333 42.8571 
66.6667 33.3333 28.5714 
66.6667 66.6667 28.5714 
100 66.6667 42.8571 
66.6667 33.3333 28.5714 
66.6667 66.6667 42.8571 
66.6667 66.6667 28.5714 
66.6667 66.6667 28.5714 
66.6667 66.6667 42.8571 
100 66.6667 42.8571 
66.6667 33.3333 28.5714 
100 66.6667 42.8571 
66.6667 66.6667 42.8571 
66.6667 66.6667 28.5714 
66.6667 100 28.5714 
100 100 42.8571 
66.6667 66.6667 28.5714 
66.6667 100 42.8571 
66.6667 100 28.5714 
66.6667 100 28.5714 
66.6667 100 42.8571 
100 100 42.8571 
66.6667 66.6667 28.5714 
100 100 42.8571 
66.6667 100 42.8571 
0 0 42.8571 
0 33.3333 42.8571 
33.3333 33.3333 57.1429 
0 0 42.8571 
0 33.3333 57.1429 
0 33.3333 42.8571 
0 33.3333 42.8571 
0 33.3333 57.1429 
33.3333 33.3333 57.1429 
0 0 42.8571 
33.3333 33.3333 57.1429 
0 33.3333 57.1429 
0 33.3333 42.8571 
0 66.6667 42.8571 
33.3333 66.6667 57.1429 
0 33.3333 42.8571 
0 66.6667 57.1429 
0 66.6667 42.8571 
0 66.6667 42.8571 
0 66.6667 57.1429 
33.3333 66.6667 57.1429 
0 33.3333 42.8571 
33.3333 66.6667 57.1429 
0 66.6667 57.1429 
0 66.6667 42.8571 
0 100 42.8571 
33.3333 100 57.1429 
0 66.6667 42.8571 
0 100 57.1429 
0 100 42.8571 
0 100 42.8571 
0 100 57.1429 
33.3333 100 57.1429 
0 66.6667 42.8571 
33.3333 100 57.1429 
0 100 57.1429 
33.3333 0 42.8571 
33.3333 33.3333 42.8571 
66.6667 33.3333 57.1429 
33.3333 0 42.8571 
33.3333 33.3333 57.1429 
33.3333 33.3333 42.8571 
33.3333 33.3333 42.8571 
33.3333 33.3333 57.1429 
66.6667 33.3333 57.1429 
33.3333 0 42.8571 
66.6667 33.3333 57.1429 
33.3333 33.3333 57.1429 
33.3333 33.3333 42.8571 
33.3333 66.6667 42.8571 
66.6667 66.6667 57.1429 
33.3333 33.3333 42.8571 
33.3333 66.6667 57.1429 
33.3333 66.6667 42.8571 
33.3333 66.6667 42.8571 
33.3333 66.6667 57.1429 
66.6667 66.6667 57.1429 
33.3333 33.3333 42.8571 
66.6667 66.6667 57.1429 
33.3333 66.6667 57.1429 
33.3333 66.6667 42.8571 
33.3333 100 42.8571 
66.6667 100 57.1429 
33.3333 66.6667 42.8571 
33.3333 100 57.1429 
33.3333 100 42.8571 
33.3333 100 42.8571 
33.3333 100 57.1429 
66.6667 100 57.1429 
33.3333 66.6667 42.8571 
66.6667 100 57.1429 
33.3333 100 57.1429 
66.6667 0 42.8571 
66.6667 33.3333 42.8571 
100 33.3333 57.1429 
66.6667 0 42.8571 
66.6667 33.3333 57.1429 
66.6667 33.3333 42.8571 
66.6667 33.3333 42.8571 
66.6667 33.3333 57.1429 
100 33.3333 57.1429 
66.6667 0 42.8571 
100 33.3333 57.1429 
66.6667 33.3333 57.1429 
66.6667 33.3333 42.8571 
66.6667 66.6667 42.8571 
100 66.6667 57.1429 
66.6667 33.3333 42.8571 
66.6667 66.6667 57.1429 
66.6667 66.6667 42.8571 
66.6667 66.6667 42.8571 
66.6667 66.6667 57.1429 
100 66.6667 57.1429 
66.6667 33.3333 42.8571 
100 66.6667 57.1429 
66.6667 66.6667 57.1429 
66.6667 66.6667 42.8571 
66.6667 100 42.8571 
100 100 57.1429 
66.6667 66.6667 42.8571 
66.6667 100 57.1429 
66.6667 100 42.8571 
66.6667 100 42.8571 
66.6667 100 57.1429 
100 100 57.1429 
66.6667 66.6667 42.8571 
100 100 57.1429 
66.6667 100 57.1429 
0 0 57.1429 
0 33.3333 57.1429 
33.3333 33.3333 71.4286 
0 0 57.1429 
0 33.3333 71.4286 
0 33.3333 57.1429 
0 33.3333 57.1429 
0 33.3333 71.4286 
33.3333 33.3333 71.4286 
0 0 57.1429 
33.3333 33.3333 71.4286 
0 33.3333 71.4286 
0 33.3333 57.1429 
0 66.6667 57.1429 
33.3333 66.6667 71.4286 
0 33.3333 57.1429 
0 66.6667 71.4286 
0 66.6667 57.1429 
0 66.6667 57.1429 
0 66.6667 71.4286 
33.3333 66.6667 71.4286 
0 33.3333 57.1429 
33.3333 66.6667 71.4286 
0 66.6667 71.4286 
0 66.6667 57.1429 
0 100 57.1429 
33.3333 100 71.4286 
0 66.6667 57.1429 
0 100 71.4286 
0 100 57.1429 
0 100 57.1429 
0 100 71.4286 
33.3333 100 71.4286 
0 66.6667 57.1429 
33.3333 100 71.4286 
0 100 71.4286 
33.3333 0 57.1429 
33.3333 33.3333 57.1429 
66.6667 33.3333 71.4286 
33.3333 0 57.1429 
33.3333 33.3333 71.4286 
33.3333 33.3333 57.1429 
33.3333 33.3333 57.1429 
33.3333 33.3333 71.4286 
66.6667 33.3333 71.4286 
33.3333 0 57.1429 
66.6667 33.3333 71.4286 
33.3333 33.3333 71.4286 
33.3333 33.3333 57.1429 
33.3333 66.6667 57.1429 
66.6667 66.6667 71.4286 
33.3333 33.3333 57.1429 
33.3333 66.6667 71.4286 
33.3333 66.6667 57.1429 
33.3333 66.6667 57.1429 
33.3333 66.6667 71.4286 
66.6667 66.6667 71.4286 
33.3333 33.3333 57.1429 
66.6667 66.6667 71.4286 
33.3333 66.6667 71.4286 
33.3333 66.6667 57.1429 
33.3333 100 57.1429 
66.6667 100 71.4286 
33.3333 66.6667 57.1429 
33.3333 100 71.4286 
33.3333 100 57.1429 
33.3333 100 57.1429 
33.3333 100 71.4286 
66.6667 100 71.4286 
33.3333 66.6667 57.1429 
66.6667 100 71.4286 
33.3333 100 71.4286 
66.6667 0 57.1429 
66.6667 33.3333 57.1429 
100 33.3333 71.4286 
66.6667 0 57.1429 
66.6667 33.3333 71.4286 
66.6667 33.3333 57.1429 
66.6667 33.3333 57.1429 
66.6667 33.3333 71.4286 
100 33.3333 71.4286 
66.6667 0 57.1429 
100 33.3333 71.4286 
66.6667 33.3333 71.4286 
66.6667 33.3333 57.1429 
66.6667 66.6667 57.1429 
100 66.6667 71.4286 
66.6667 33.3333 57.1429 
66.6667 66.6667 71.4286 
66.6667 66.6667 57.1429 
66.6667 66.6667 57.1429 
66.6667 66.6667 71.4286 
100 66.6667 71.4286 
66.6667 33.3333 57.1429 
100 66.6667 71.4286 
66.6667 66.6667 71.4286 
66.6667 66.6667 57.1429 
66.6667 100 57.1429 
100 100 71.4286 
66.6667 66.6667 57.1429 
66.6667 100 71.4286 
66.6667 100 57.1429 
66.6667 100 57.1429 
66.6667 100 71.4286 
100 100 71.4286 
66.6667 66.6667 57.1429 
100 100 71.4286 
66.6667 100 71.4286 
0 0 71.4286 
0 33.3333 71.4286 
33.3333 33.3333 85.7143 
0 0 71.4286 
0 33.3333 85.7143 
0 33.3333 71.4286 
0 33.3333 71.4286 
0 33.3333 85.7143 
33.3333 33.3333 85.7143 
0 0 71.4286 
33.3333 33.3333 85.7143 
0 33.3333 85.7143 
0 33.3333 71.4286 
0 66.6667 71.4286 
33.3333 66.6667 85.7143 
0 33.3333 71.4286 
0 66.6667 85.7143 
0 66.6667 71.4286 
0 66.6667 71.4286 
0 66.6667 85.7143 
33.3333 66.6667 85.7143 
0 33.3333 71.4286 
33.3333 66.6667 85.7143 
0 66.6667 85.7143 
0 66.6667 71.4286 
0 100 71.4286 
33.3333 100 85.7143 
0 66.6667 71.4286 
0 100 85.7143 
0 100 71.4286 
0 100 71.4286 
0 100 85.7143 
33.3333 100 85.7143 
0 66.6667 71.4286 
33.3333 100 85.7143 
0 100 85.7143 
33.3333 0 71.4286 
33.3333 33.3333 71.4286 
66.6667 33.3333 85.7143 
33.3333 0 71.4286 
33.3333 33.3333 85.7143 
33.3333 33.3333 71.4286 
33.3333 33.3333 71.4286 
33.3333 33.3333 85.7143 
66.6667 33.3333 85.7143 
33.3333 0 71.4286 
66.6667 33.3333 85.7143 
33.3333 33.3333 85.7143 
33.3333 33.3333 71.4286 
33.3333 66.6667 71.4286 
66.6667 66.6667 85.7143 
33.3333 33.3333 71.4286 
33.3333 66.6667 85.7143 
33.3333 66.6667 71.4286 
33.3333 66.6667 71.4286 
33.3333 66.6667 85.7143 
66.6667 66.6667 85.7143 
33.3333 33.3333 71.4286 
66.6667 66.6667 85.7143 
33.3333 66.6667 85.7143 
33.3333 66.6667 71.4286 
33.3333 100 71.4286 
66.6667 100 85.7143 
33.3333 66.6667 71.4286 
33.3333 100 85.7143 
33.3333 100 71.4286 
33.3333 100 71.4286 
33.3333 100 85.7143 
66.6667 100 85.7143 
33.3333 66.6667 71.4286 
66.6667 100 85.7143 
33.3333 100 85.7143 
66.6667 0 71.4286 
66.6667 33.3333 71.4286 
100 33.3333 85.7143 
66.6667 0 71.4286 
66.6667 33.3333 85.7143 
66.6667 33.3333 71.4286 
66.6667 33.3333 71.4286 
66.6667 33.3333 85.7143 
100 33.3333 85.7143 
66.6667 0 71.4286 
100 33.3333 85.7143 
66.6667 33.3333 85.7143 
66.6667 33.3333 71.4286 
66.6667 66.6667 71.4286 
100 66.6667 85.7143 
66.6667 33.3333 71.4286 
66.6667 66.6667 85.7143 
66.6667 66.6667 71.4286 
66.6667 66.6667 71.4286 
66.6667 66.6667 85.7143 
100 66.6667 85.7143 
66.6667 33.3333 71.4286 
100 66.6667 85.7143 
66.6667 66.6667 85.7143 
66.6667 66.6667 71.4286 
66.6667 100 71.4286 
100 100 85.7143 
66.6667 66.6667 71.4286 
66.6667 100 85.7143 
66.6667 100 71.4286 
66.6667 100 71.4286 
66.6667 100 85.7143 
100 100 85.7143 
66.6667 66.6667 71.4286 
100 100 85.7143 
66.6667 100 85.7143 
0 0 85.7143 
0 33.3333 85.7143 
33.3333 33.3333 100 
0 0 85.7143 
0 33.3333 100 
0 33.3333 85.7143 
0 33.3333 85.7143 
0 33.3333 100 
33.3333 33.3333 100 
0 0 85.7143 
33.3333 33.3333 100 
0 33.3333 100 
0 33.3333 85.7143 
0 66.6667 85.7143 
33.3333 66.6667 100 
0 33.3333 85.7143 
0 66.6667 100 
0 66.6667 85.7143 
0 66.6667 85.7143 
0 66.6667 100 
33.3333 66.6667 100 
0 33.3333 85.7143 
33.3333 66.6667 100 
0 66.6667 100 
0 66.6667 85.7143 
0 100 85.7143 
33.3333 100 100 
0 66.6667 85.7143 
0 100 100 
0 100 85.7143 
0 100 85.7143 
0 100 100 
33.3333 100 100 
0 66.6667 85.7143 
33.3333 100 100 
0 100 100 
33.3333 0 85.7143 
33.3333 33.3333 85.7143 
66.6667 33.3333 100 
33.3333 0 85.7143 
33.3333 33.3333 100 
33.3333 33.3333 85.7143 
33.3333 33.3333 85.7143 
33.3333 33.3333 100 
66.6667 33.3333 100 
33.3333 0 85.7143 
66.6667 33.3333 100 
33.3333 33.3333 100 
33.3333 33.3333 85.7143 
33.3333 66.6667 85.7143 
66.6667 66.6667 100 
33.3333 33.3333 85.7143 
33.3333 66.6667 100 
33.3333 66.6667 85.7143 
33.3333 66.6667 85.7143 
33.3333 66.6667 100 
66.6667 66.6667 100 
33.3333 33.3333 85.7143 
66.6667 66.6667 100 
33.3333 66.6667 100 
33.3333 66.6667 85.7143 
33.3333 100 85.7143 
66.6667 100 100 
33.3333 66.6667 85.7143 
33.3333 100 100 
33.3333 100 85.7143 
33.3333 100 85.7143 
33.3333 100 100 
66.6667 100 100 
33.3333 66.6667 85.7143 
66.6667 100 100 
33.3333 100 100 
66.6667 0 85.7143 
66.6667 33.3333 85.7143 
100 33.3333 100 
66.6667 0 85.7143 
66.6667 33.3333 100 
66.6667 33.3333 85.7143 
66.6667 33.3333 85.7143 
66.6667 33.3333 100 
100 33.3333 100 
66.6667 0 85.7143 
100 33.3333 100 
66.6667 33.3333 100 
66.6667 33.3333 85.7143 
66.6667 66.6667 85.7143 
100 66.6667 100 
66.6667 33.3333 85.7143 
66.6667 66.6667 100 
66.6667 66.6667 85.7143 
66.6667 66.6667 85.7143 
66.6667 66.6667 100 
100 66.6667 100 
66.6667 33.3333 85.7143 
100 66.6667 100 
66.6667 66.6667 100 
66.6667 66.6667 85.7143 
66.6667 100 85.7143 
100 100 100 
66.6667 66.6667 85.7143 
66.6667 100 100 
66.6667 100 85.7143 
66.6667 100 85.7143 
66.6667 100 100 
100 100 100 
66.6667 66.6667 85.7143 
100 100 100 
66.6667 100 100 
0 0 0 
33.3333 33.3333 14.2857 
0 0 14.2857 
0 0 0 
0 33.3333 14.2857 
33.3333 33.3333 14.2857 
33.3333 33.3333 14.2857 
0 33.3333 14.2857 
0 0 14.2857 
0 0 0 
0 0 14.2857 
0 33.3333 14.2857 
0 33.3333 0 
33.3333 66.6667 14.2857 
0 33.3333 14.2857 
0 33.3333 0 
0 66.6667 14.2857 
33.3333 66.6667 14.2857 
33.3333 66.6667 14.2857 
0 66.6667 14.2857 
0 33.3333 14.2857 
0 33.3333 0 
0 33.3333 14.2857 
0 66.6667 14.2857 
0 66.6667 0 
33.3333 100 14.2857 
0 66.6667 14.2857 
0 66.6667 0 
0 100 14.2857 
33.3333 100 14.2857 
33.3333 100 14.2857 
0 100 14.2857 
0 66.6667 14.2857 
0 66.6667 0 
0 66.6667 14.2857 
0 100 14.2857 
33.3333 0 0 
66.6667 33.3333 14.2857 
33.3333 0 14.2857 
33.3333 0 0 
33.3333 33.3333 14.2857 
66.6667 33.3333 14.2857 
66.6667 33.3333 14.2857 
33.3333 33.3333 14.2857 
33.3333 0 14.2857 
33.3333 0 0 
33.3333 0 14.2857 
33.3333 33.3333 14.2857 
33.3333 33.3333 0 
66.6667 66.6667 14.2857 
33.3333 33.3333 14.2857 
33.3333 33.3333 0 
33.3333 66.6667 14.2857 
66.6667 66.6667 14.2857 
66.6667 66.6667 14.2857 
33.3333 66.6667 14.2857 
33.3333 33.3333 14.2857 
33.3333 33.3333 0 
33.3333 33.3333 14.2857 
33.3333 66.6667 14.2857 
33.3333 66.6667 0 
66.6667 100 14.2857 
33.3333 66.6667 14.2857 
33.3333 66.6667 0 
33.3333 100 14.2857 
66.6667 100 14.2857 
66.6667 100 14.2857 
33.3333 100 14.2857 
33.3333 66.6667 14.2857 
33.3333 66.6667 0 
33.3333 66.6667 14.2857 
33.3333 100 14.2857 
66.6667 0 0 
100 33.3333 14.2857 
66.6667 0 14.2857 
66.6667 0 0 
66.6667 33.3333 14.2857 
100 33.3333 14.2857 
100 33.3333 14.2857 
66.6667 33.3333 14.2857 
66.6667 0 14.2857 
66.6667 0 0 
66.6667 0 14.2857 
66.6667 33.3333 14.2857 
66.6667 33.3333 0 
100 66.6667 14.2857 
66.6667 33.3333 14.2857 
66.6667 33.3333 0 
66.6667 66.6667 14.2857 
100 66.6667 14.2857 
100 66.6667 14.2857 
66.6667 66.6667 14.2857 
66.6667 33.3333 14.2857 
66.6667 33.3333 0 
66.6667 33.3333 14.2857 
66.6667 66.6667 14.2857 
66.6667 66.6667 0 
100 100 14.2857 
66.6667 66.6667 14.2857 
66.6667 66.6667 0 
66.6667 100 14.2857 
100 100 14.2857 
100 100 14.2857 
66.6667 100 14.2857 
66.6667 66.6667 14.2857 
66.6667 66.6667 0 
66.6667 66.6667 14.2857 
66.6667 100 14.2857 
0 0 14.2857 
33.3333 33.3333 28.5714 
0 0 28.5714 
0 0 14.2857 
0 33.3333 28.5714 
33.3333 33.3333 28.5714 
33.3333 33.3333 28.5714 
0 33.3333 28.5714 
0 0 28.5714 
0 0 14.2857 
0 0 28.5714 
0 33.3333 28.5714 
0 33.3333 14.2857 
33.3333 66.6667 28.5714 
0 33.3333 28.5714 
0 33.3333 14.2857 
0 66.6667 28.5714 
33.3333 66.6667 28.5714 
33.3333 66.6667 28.5714 
0 66.6667 28.5714 
0 33.3333 28.5714 
0 33.3333 14.2857 
0 33.3333 28.5714 
0 66.6667 28.5714 
0 66.6667 14.2857 
33.3333 100 28.5714 
0 66.6667 28.5714 
0 66.6667 14.2857 
0 100 28.5714 
33.3333 100 28.5714 
33.3333 100 28.5714 
0 100 28.5714 
0 66.6667 28.5714 
0 66.6667 14.2857 
0 66.6667 28.5714 
0 100 28.5714 
33.3333 0 14.2857 
66.6667 33.3333 28.5714 
33.3333 0 28.5714 
33.3333 0 14.2857 
33.3333 33.3333 28.5714 
66.6667 33.3333 28.5714 
66.6667 33.3333 28.5714 
33.3333 33.3333 28.5714 
33.3333 0 28.5714 
33.3333 0 14.2857 
33.3333 0 28.5714 
33.3333 33.3333 28.5714 
33.3333 33.3333 14.2857 
66.6667 66.6667 28.5714 
33.3333 33.3333 28.5714 
33.3333 33.3333 14.2857 
33.3333 66.6667 28.5714 
66.6667 66.6667 28.5714 
66.6667 66.6667 28.5714 
33.3333 66.6667 28.5714 
33.3333 33.3333 28.5714 
33.3333 33.3333 14.2857 
33.3333 33.3333 28.5714 
33.3333 66.6667 28.5714 
33.3333 66.6667 14.2857 
66.6667 100 28.5714 
33.3333 66.6667 28.5714 
33.3333 66.6667 14.2857 
33.3333 100 28.5714 
66.6667 100 28.5714 
66.6667 100 28.5714 
33.3333 100 28.5714 
33.3333 66.6667 28.5714 
33.3333 66.6667 14.2857 
33.3333 66.6667 28.5714 
33.3333 100 28.5714 
66.6667 0 14.2857 
100 33.3333 28.5714 
66.6667 0 28.5714 
66.6667 0 14.2857 
66.6667 33.3333 28.5714 
100 33.3333 28.5714 
100 33.3333 28.5714 
66.6667 33.3333 28.5714 
66.6667 0 28.5714 
66.6667 0 14.2857 
66.6667 0 28.5714 
66.6667 33.3333 28.5714 
66.6667 33.3333 14.2857 
100 66.6667 28.5714 
66.6667 33.3333 28.5714 
66.6667 33.3333 14.2857 
66.6667 66.6667 28.5714 
100 66.6667 28.5714 
100 66.6667 28.5714 
66.6667 66.6667 28.5714 
66.6667 33.3333 28.5714 
66.6667 33.3333 14.2857 
66.6667 33.3333 28.5714 
66.6667 66.6667 28.5714 
66.6667 66.6667 14.2857 
100 100 28.5714 
66.6667 66.6667 28.5714 
66.6667 66.6667 14.2857 
66.6667 100 28.5714 
100 100 28.5714 
100 100 28.5714 
66.6667 100 28.5714 
66.6667 66.6667 28.5714 
66.6667 66.6667 14.2857 
66.6667 66.6667 28.5714 
66.6667 100 28.5714 
0 0 28.5714 
33.3333 33.3333 42.8571 
0 0 42.8571 
0 0 28.5714 
0 33.3333 42.8571 
33.3333 33.3333 42.8571 
33.3333 33.3333 42.8571 
0 33.3333 42.8571 
0 0 42.8571 
0 0 28.5714 
0 0 42.8571 
0 33.3333 42.8571 
0 33.3333 28.5714 
33.3333 66.6667 42.8571 
0 33.3333 42.8571 
0 33.3333 28.5714 
0 66.6667 42.8571 
33.3333 66.6667 42.8571 
33.3333 66.6667 42.8571 
0 66.6667 42.8571 
0 33.3333 42.8571 
0 33.3333 28.5714 
0 33.3333 42.8571 
0 66.6667 42.8571 
0 66.6667 28.5714 
33.3333 100 42.8571 
0 66.6667 42.8571 
0 66.6667 28.5714 
0 100 42.8571 
33.3333 100 42.8571 
33.3333 100 42.8571 
0 100 42.8571 
0 66.6667 42.8571 
0 66.6667 28.5714 
0 66.6667 42.8571 
0 100 42.8571 
33.3333 0 28.5714 
66.6667 33.3333 42.8571 
33.3333 0 42.8571 
33.3333 0 28.5714 
33.3333 33.3333 42.8571 
66.6667 33.3333 42.8571 
66.6667 33.3333 42.8571 
33.3333 33.3333 42.8571 
33.3333 0 42.8571 
33.3333 0 28.5714 
33.3333 0 42.8571 
33.3333 33.3333 42.8571 
33.3333 33.3333 28.5714 
66.6667 66.6667 42.8571 
33.3333 33.3333 42.8571 
33.3333 33.3333 28.5714 
33.3333 66.6667 42.8571 
66.6667 66.6667 42.8571 
66.6667 66.6667 42.8571 
33.3333 66.6667 42.8571 
33.3333 33.3333 42.8571 
33.3333 33.3333 28.5714 
33.3333 33.3333 42.8571 
33.3333 66.6667 42.8571 
33.3333 66.6667 28.5714 
66.6667 100 42.8571 
33.3333 66.6667 42.8571 
33.3333 66.6667 28.5714 
33.3333 100 42.8571 
66.6667 100 42.8571 
66.6667 100 42.8571 
33.3333 100 42.8571 
33.3333 66.6667 42.8571 
33.3333 66.6667 28.5714 
33.3333 66.6667 42.8571 
33.3333 100 42.8571 
66.6667 0 28.5714 
100 33.3333 42.8571 
66.6667 0 42.8571 
66.6667 0 28.5714 
66.6667 33.3333 42.8571 
100 33.3333 42.8571 
100 33.3333 42.8571 
66.6667 33.3333 42.8571 
66.6667 0 42.8571 
66.6667 0 28.5714 
66.6667 0 42.8571 
66.6667 33.3333 42.8571 
66.6667 33.3333 28.5714 
100 66.6667 42.8571 
66.6667 33.3333 42.8571 
66.6667 33.3333 28.5714 
66.6667 66.6667 42.8571 
100 66.6667 42.8571 
100 66.6667 42.8571 
66.6667 66.6667 42.8571 
66.6667 33.3333 42.8571 
66.6667 33.3333 28.5714 
66.6667 33.3333 42.8571 
66.6667 66.6667 42.8571 
66.6667 66.6667 28.5714 
100 100 42.8571 
66.6667 66.6667 42.8571 
66.6667 66.6667 28.5714 
66.6667 100 42.8571 
100 100 42.8571 
100 100 42.8571 
66.6667 100 42.8571 
66.6667 66.6667 42.8571 
66.6667 66.6667 28.5714 
66.6667 66.6667 42.8571 
66.6667 100 42.8571 
0 0 42.8571 
33.3333 33.3333 57.1429 
0 0 57.1429 
0 0 42.8571 
0 33.3333 57.1429 
33.3333 33.3333 57.1429 
33.3333 33.3333 57.1429 
0 33.3333 57.1429 
0 0 57.1429 
0 0 42.8571 
0 0 57.1429 
0 33.3333 57.1429 
0 33.3333 42.8571 
33.3333 66.6667 57.1429 
0 33.3333 57.1429 
0 33.3333 42.8571 
0 66.6667 57.1429 
33.3333 66.6667 57.1429 
33.3333 66.6667 57.1429 
0 66.6667 57.1429 
0 33.3333 57.1429 
0 33.3333 42.8571 
0 33.3333 57.1429 
0 66.6667 57.1429 
0 66.6667 42.8571 
33.3333 100 57.1429 
0 66.6667 57.1429 
0 66.6667 42.8571 
0 100 57.1429 
33.3333 100 57.1429 
33.3333 100 57.1429 
0 100 57.1429 
0 66.6667 57.1429 
0 66.6667 42.8571 
0 66.6667 57.1429 
0 100 57.1429 
33.3333 0 42.8571 
66.6667 33.3333 57.1429 
33.3333 0 57.1429 
33.3333 0 42.8571 
33.3333 33.3333 57.1429 
66.6667 33.3333 57.1429 
66.6667 33.3333 57.1429 
33.3333 33.3333 57.1429 
33.3333 0 57.1429 
33.3333 0 42.8571 
33.3333 0 57.1429 
33.3333 33.3333 57.1429 
33.3333 33.3333 42.8571 
66.6667 66.6667 57.1429 
33.3333 33.3333 57.1429 
33.3333 33.3333 42.8571 
33.3333 66.6667 57.1429 
66.6667 66.6667 57.1429 
66.6667 66.6667 57.1429 
33.3333 66.6667 57.1429 
33.3333 33.3333 57.1429 
33.3333 33.3333 42.8571 
33.3333 33.3333 57.1429 
33.3333 66.6667 57.1429 
33.3333 66.6667 42.8571 
66.6667 100 57.1429 
33.3333 66.6667 57.1429 
33.3333 66.6667 42.8571 
33.3333 100 57.1429 
66.6667 100 57.1429 
66.6667 100 57.1429 
33.3333 100 57.1429 
33.3333 66.6667 57.1429 
33.3333 66.6667 42.8571 
33.3333 66.6667 57.1429 
33.3333 100 57.1429 
66.6667 0 42.8571 
100 33.3333 57.1429 
66.6667 0 57.1429 
66.6667 0 42.8571 
66.6667 33.3333 57.1429 
100 33.3333 57.1429 
100 33.3333 57.1429 
66.6667 33.3333 57.1429 
66.6667 0 57.1429 
66.6667 0 42.8571 
66.6667 0 57.1429 
66.6667 33.3333 57.1429 
66.6667 33.3333 42.8571 
100 66.6667 57.1429 
66.6667 33.3333 57.1429 
66.6667 33.3333 42.8571 
66.6667 66.6667 57.1429 
100 66.6667 57.1429 
100 66.6667 57.1429 
66.6667 66.6667 57.1429 
66.6667 33.3333 57.1429 
66.6667 33.3333 42.8571 
66.6667 33.3333 57.1429 
66.6667 66.6667 57.1429 
66.6667 66.6667 42.8571 
100 100 57.1429 
66.6667 66.6667 57.1429 
66.6667 66.6667 42.8571 
66.6667 100 57.1429 
100 100 57.1429 
100 100 57.1429 
66.6667 100 57.1429 
66.6667 66.6667 57.1429 
66.6667 66.6667 42.8571 
66.6667 66.6667 57.1429 
66.6667 100 57.1429 
0 0 57.1429 
33.3333 33.3333 71.4286 
0 0 71.4286 
0 0 57.1429 
0 33.3333 71.4286 
33.3333 33.3333 71.4286 
33.3333 33.3333 71.4286 
0 33.3333 71.4286 
0 0 71.4286 
0 0 57.1429 
0 0 71.4286 
0 33.3333 71.4286 
0 33.3333 57.1429 
33.3333 66.6667 71.4286 
0 33.3333 71.4286 
0 33.3333 57.1429 
0 66.6667 71.4286 
33.3333 66.6667 71.4286 
33.3333 66.6667 71.4286 
0 66.6667 71.4286 
0 33.3333 71.4286 
0 33.3333 57.1429 
0 33.3333 71.4286 
0 66.6667 71.4286 
0 66.6667 57.1429 
33.3333 100 71.4286 
0 66.6667 71.4286 
0 66.6667 57.1429 
0 100 71.4286 
33.3333 100 71.4286 
33.3333 100 71.4286 
0 100 71.4286 
0 66.6667 71.4286 
0 66.6667 57.1429 
0 66.6667 71.4286 
0 100 71.4286 
33.3333 0 57.1429 
66.6667 33.3333 71.4286 
33.3333 0 71.4286 
33.3333 0 57.1429 
33.3333 33.3333 71.4286 
66.6667 33.3333 71.4286 
66.6667 33.3333 71.4286 
33.3333 33.3333 71.4286 
33.3333 0 71.4286 
33.3333 0 57.1429 
33.3333 0 71.4286 
33.3333 33.3333 71.4286 
33.3333 33.3333 57.1429 
66.6667 66.6667 71.4286 
33.3333 33.3333 71.4286 
33.3333 33.3333 57.1429 
33.3333 66.6667 71.4286 
66.6667 66.6667 71.4286 
66.6667 66.6667 71.4286 
33.3333 66.6667 71.4286 
33.3333 33.3333 71.4286 
33.3333 33.3333 57.1429 
33.3333 33.3333 71.4286 
33.3333 66.6667 71.4286 
33.3333 66.6667 57.1429 
66.6667 100 71.4286 
33.3333 66.6667 71.4286 
33.3333 66.6667 57.1429 
33.3333 100 71.4286 
66.6667 100 71.4286 
66.6667 100 71.4286 
33.3333 100 71.4286 
33.3333 66.6667 71.4286 
33.3333 66.6667 57.1429 
33.3333 66.6667 71.4286 
33.3333 100 71.4286 
66.6667 0 57.1429 
100 33.3333 71.4286 
66.6667 0 71.4286 
66.6667 0 57.1429 
66.6667 33.3333 71.4286 
100 33.3333 71.4286 
100 33.3333 71.4286 
66.6667 33.3333 71.4286 
66.6667 0 71.4286 
66.6667 0 57.1429 
66.6667 0 71.4286 
66.6667 33.3333 71.4286 
66.6667 33.3333 57.1429 
100 66.6667 71.4286 
66.6667 33.3333 71.4286 
66.6667 33.3333 57.1429 
66.6667 66.6667 71.4286 
100 66.6667 71.4286 
100 66.6667 71.4286 
66.6667 66.6667 71.4286 
66.6667 33.3333 71.4286 
66.6667 33.3333 57.1429 
66.6667 33.3333 71.4286 
66.6667 66.6667 71.4286 
66.6667 66.6667 57.1429 
100 100 71.4286 
66.6667 66.6667 71.4286 
66.6667 66.6667 57.1429 
66.6667 100 71.4286 
100 100 71.4286 
100 100 71.4286 
66.6667 100 71.4286 
66.6667 66.6667 71.4286 
66.6667 66.6667 57.1429 
66.6667 66.6667 71.4286 
66.6667 100 71.4286 
0 0 71.4286 
33.3333 33.3333 85.7143 
0 0 85.7143 
0 0 71.4286 
0 33.3333 85.7143 
33.3333 33.3333 85.7143 
33.3333 33.3333 85.7143 
0 33.3333 85.7143 
0 0 85.7143 
0 0 71.4286 
0 0 85.7143 
0 33.3333 85.7143 
0 33.3333 71.4286 
33.3333 66.6667 85.7143 
0 33.3333 85.7143 
0 33.3333 71.4286 
0 66.6667 85.7143 
33.3333 66.6667 85.7143 
33.3333 66.6667 85.7143 
0 66.6667 85.7143 
0 33.3333 85.7143 
0 33.3333 71.4286 
0 33.3333 85.7143 
0 66.6667 85.7143 
0 66.6667 71.4286 
33.3333 100 85.7143 
0 66.6667 85.7143 
0 66.6667 71.4286 
0 100 85.7143 
33.3333 100 85.7143 
33.3333 100 85.7143 
0 100 85.7143 
0 66.6667 85.7143 
0 66.6667 71.4286 
0 66.6667 85.7143 
0 100 85.7143 
33.3333 0 71.4286 
66.6667 33.3333 85.7143 
33.3333 0 85.7143 
33.3333 0 71.4286 
33.3333 33.3333 85.7143 
66.6667 33.3333 85.7143 
66.6667 33.3333 85.7143 
33.3333 33.3333 85.7143 
33.3333 0 85.7143 
33.3333 0 71.4286 
33.3333 0 85.7143 
33.3333 33.3333 85.7143 
33.3333 33.3333 71.4286 
66.6667 66.6667 85.7143 
33.3333 33.3333 85.7143 
33.3333 33.3333 71.4286 
33.3333 66.6667 85.7143 
66.6667 66.6667 85.7143 
66.6667 66.6667 85.7143 
33.3333 66.6667 85.7143 
33.3333 33.3333 85.7143 
33.3333 33.3333 71.4286 
33.3333 33.3333 85.7143 
33.3333 66.6667 85.7143 
33.3333 66.6667 71.4286 
66.6667 100 85.7143 
33.3333 66.6667 85.7143 
33.3333 66.6667 71.4286 
33.3333 100 85.7143 
66.6667 100 85.7143 
66.6667 100 85.7143 
33.3333 100 85.7143 
33.3333 66.6667 85.7143 
33.3333 66.6667 71.4286 
33.3333 66.6667 85.7143 
33.3333 100 85.7143 
66.6667 0 71.4286 
100 33.3333 85.7143 
66.6667 0 85.7143 
66.6667 0 71.4286 
66.6667 33.3333 85.7143 
100 33.3333 85.7143 
100 33.3333 85.7143 
66.6667 33.3333 85.7143 
66.6667 0 85.7143 
66.6667 0 71.4286 
66.6667 0 85.7143 
66.6667 33.3333 85.7143 
66.6667 33.3333 71.4286 
100 66.6667 85.7143 
66.6667 33.3333 85.7143 
66.6667 33.3333 71.4286 
66.6667 66.6667 85.7143 
100 66.6667 85.7143 
100 66.6667 85.7143 
66.6667 66.6667 85.7143 
66.6667 33.3333 85.7143 
66.6667 33.3333 71.4286 
66.6667 33.3333 85.7143 
66.6667 66.6667 85.7143 
66.6667 66.6667 71.4286 
100 100 85.7143 
66.6667 66.6667 85.7143 
66.6667 66.6667 71.4286 
66.6667 100 85.7143 
100 100 85.7143 
100 100 85.7143 
66.6667 100 85.7143 
66.6667 66.6667 85.7143 
66.6667 66.6667 71.4286 
66.6667 66.6667 85.7143 
66.6667 100 85.7143 
0 0 85.7143 
33.3333 33.3333 100 
0 0 100 
0 0 85.7143 
0 33.3333 100 
33.3333 33.3333 100 
33.3333 33.3333 100 
0 33.3333 100 
0 0 100 
0 0 85.7143 
0 0 100 
0 33.3333 100 
0 33.3333 85.7143 
33.3333 66.6667 100 
0 33.3333 100 
0 33.3333 85.7143 
0 66.6667 100 
33.3333 66.6667 100 
33.3333 66.6667 100 
0 66.6667 100 
0 33.3333 100 
0 33.3333 85.7143 
0 33.3333 100 
0 66.6667 100 
0 66.6667 85.7143 
33.3333 100 100 
0 66.6667 100 
0 66.6667 85.7143 
0 100 100 
33.3333 100 100 
33.3333 100 100 
0 100 100 
0 66.6667 100 
0 66.6667 85.7143 
0 66.6667 100 
0 100 100 
33.3333 0 85.7143 
66.6667 33.3333 100 
33.3333 0 100 
33.3333 0 85.7143 
33.3333 33.3333 100 
66.6667 33.3333 100 
66.6667 33.3333 100 
33.3333 33.3333 100 
33.3333 0 100 
33.3333 0 85.7143 
33.3333 0 100 
33.3333 33.3333 100 
33.3333 33.3333 85.7143 
66.6667 66.6667 100 
33.3333 33.3333 100 
33.3333 33.3333 85.7143 
33.3333 66.6667 100 
66.6667 66.6667 100 
66.6667 66.6667 100 
33.3333 66.6667 100 
33.3333 33.3333 100 
33.3333 33.3333 85.7143 
33.3333 33.3333 100 
33.3333 66.6667 100 
33.3333 66.6667 85.7143 
66.6667 100 100 
33.3333 66.6667 100 
33.3333 66.6667 85.7143 
33.3333 100 100 
66.6667 100 100 
66.6667 100 100 
33.3333 100 100 
33.3333 66.6667 100 
33.3333 66.6667 85.7143 
33.3333 66.6667 100 
33.3333 100 100 
66.6667 0 85.7143 
100 33.3333 100 
66.6667 0 100 
66.6667 0 85.7143 
66.6667 33.3333 100 
100 33.3333 100 
100 33.3333 100 
66.6667 33.3333 100 
66.6667 0 100 
66.6667 0 85.7143 
66.6667 0 100 
66.6667 33.3333 100 
66.6667 33.3333 85.7143 
100 66.6667 100 
66.6667 33.3333 100 
66.6667 33.3333 85.7143 
66.6667 66.6667 100 
100 66.6667 100 
100 66.6667 100 
66.6667 66.6667 100 
66.6667 33.3333 100 
66.6667 33.3333 85.7143 
66.6667 33.3333 100 
66.6667 66.6667 100 
66.6667 66.6667 85.7143 
100 100 100 
66.6667 66.6667 100 
66.6667 66.6667 85.7143 
66.6667 100 100 
100 100 100 
100 100 100 
66.6667 100 100 
66.6667 66.6667 100 
66.6667 66.6667 85.7143 
66.6667 66.6667 100 
66.6667 100 100 
0 0 0 
0 33.3333 0 
33.3333 33.3333 0 
0 0 0 
33.3333 33.3333 14.2857 
0 33.3333 0 
0 33.3333 0 
33.3333 33.3333 14.2857 
33.3333 33.3333 0 
0 0 0 
33.3333 33.3333 0 
33.3333 33.3333 14.2857 
0 33.3333 0 
0 66.6667 0 
33.3333 66.6667 0 
0 33.3333 0 
33.3333 66.6667 14.2857 
0 66.6667 0 
0 66.6667 0 
33.3333 66.6667 14.2857 
33.3333 66.6667 0 
0 33.3333 0 
33.3333 66.6667 0 
33.3333 66.6667 14.2857 
0 66.6667 0 
0 100 0 
33.3333 100 0 
0 66.6667 0 
33.3333 100 14.2857 
0 100 0 
0 100 0 
33.3333 100 14.2857 
33.3333 100 0 
0 66.6667 0 
33.3333 100 0 
33.3333 100 14.2857 
33.3333 0 0 
33.3333 33.3333 0 
66.6667 33.3333 0 
33.3333 0 0 
66.6667 33.3333 14.2857 
33.3333 33.3333 0 
33.3333 33.3333 0 
66.6667 33.3333 14.2857 
66.6667 33.3333 0 
33.3333 0 0 
66.6667 33.3333 0 
66.6667 33.3333 14.2857 
33.3333 33.3333 0 
33.3333 66.6667 0 
66.6667 66.6667 0 
33.3333 33.3333 0 
66.6667 66.6667 14.2857 
33.3333 66.6667 0 
33.3333 66.6667 0 
66.6667 66.6667 14.2857 
66.6667 66.6667 0 
33.3333 33.3333 0 
66.6667 66.6667 0 
66.6667 66.6667 14.2857 
33.3333 66.6667 0 
33.3333 100 0 
66.6667 100 0 
33.3333 66.6667 0 
66.6667 100 14.2857 
33.3333 100 0 
33.3333 100 0 
66.6667 100 14.2857 
66.6667 100 0 
33.3333 66.6667 0 
66.6667 100 0 
66.6667 100 14.2857 
66.6667 0 0 
66.6667 33.3333 0 
100 33.3333 0 
66.6667 0 0 
100 33.3333 14.2857 
66.6667 33.3333 0 
66.6667 33.3333 0 
100 33.3333 14.2857 
100 33.3333 0 
66.6667 0 0 
100 33.3333 0 
100 33.3333 14.2857 
66.6667 33.3333 0 
66.6667 66.6667 0 
100 66.6667 0 
66.6667 33.3333 0 
100 66.6667 14.2857 
66.6667 66.6667 0 
66.6667 66.6667 0 
100 66.6667 14.2857 
100 66.6667 0 
66.6667 33.3333 0 
100 66.6667 0 
100 66.6667 14.2857 
66.6667 66.6667 0 
66.6667 100 0 
100 100 0 
66.6667 66.6667 0 
100 100 14.2857 
66.6667 100 0 
66.6667 100 0 
100 100 14.2857 
100 100 0 
66.6667 66.6667 0 
100 100 0 
100 100 14.2857 
0 0 14.2857 
0 33.3333 14.2857 
33.3333 33.3333 14.2857 
0 0 14.2857 
33.3333 33.3333 28.5714 
0 33.3333 14.2857 
0 33.3333 14.2857 
33.3333 33.3333 28.5714 
33.3333 33.3333 14.2857 
0 0 14.2857 
33.3333 33.3333 14.2857 
33.3333 33.3333 28.5714 
0 33.3333 14.2857 
0 66.6667 14.2857 
33.3333 66.6667 14.2857 
0 33.3333 14.2857 
33.3333 66.6667 28.5714 
0 66.6667 14.2857 
0 66.6667 14.2857 
33.3333 66.6667 28.5714 
33.3333 66.6667 14.2857 
0 33.3333 14.2857 
33.3333 66.6667 14.2857 
33.3333 66.6667 28.5714 
0 66.6667 14.2857 
0 100 14.2857 
33.3333 100 14.2857 
0 66.6667 14.2857 
33.3333 100 28.5714 
0 100 14.2857 
0 100 14.2857 
33.3333 100 28.5714 
33.3333 100 14.2857 
0 66.6667 14.2857 
33.3333 100 14.2857 
33.3333 100 28.5714 
33.3333 0 14.2857 
33.3333 33.3333 14.2857 
66.6667 33.3333 14.2857 
33.3333 0 14.2857 
66.6667 33.3333 28.5714 
33.3333 33.3333 14.2857 
33.3333 33.3333 14.2857 
66.6667 33.3333 28.5714 
66.6667 33.3333 14.2857 
33.3333 0 14.2857 
66.6667 33.3333 14.2857 
66.6667 33.3333 28.5714 
33.3333 33.3333 14.2857 
33.3333 66.6667 14.2857 
66.6667 66.6667 14.2857 
33.3333 33.3333 14.2857 
66.6667 66.6667 28.5714 
33.3333 66.6667 14.2857 
33.3333 66.6667 14.2857 
66.6667 66.6667 28.5714 
66.6667 66.6667 14.2857 
33.3333 33.3333 14.2857 
66.6667 66.6667 14.2857 
66.6667 66.6667 28.5714 
33.3333 66.6667 14.2857 
33.3333 100 14.2857 
66.6667 100 14.2857 
33.3333 66.6667 14.2857 
66.6667 100 28.5714 
33.3333 100 14.2857 
33.3333 100 14.2857 
66.6667 100 28.5714 
66.6667 100 14.2857 
33.3333 66.6667 14.2857 
66.6667 100 14.2857 
66.6667 100 28.5714 
66.6667 0 14.2857 
66.6667 33.3333 14.2857 
100 33.3333 14.2857 
66.6667 0 14.2857 
100 33.3333 28.5714 
66.6667 33.3333 14.2857 
66.6667 33.3333 14.2857 
100 33.3333 28.5714 
100 33.3333 14.2857 
66.6667 0 14.2857 
100 33.3333 14.2857 
100 33.3333 28.5714 
66.6667 33.3333 14.2857 
66.6667 66.6667 14.2857 
100 66.6667 14.2857 
66.6667 33.3333 14.2857 
100 66.6667 28.5714 
66.6667 66.6667 14.2857 
66.6667 66.6667 14.2857 
100 66.6667 28.5714 
100 66.6667 14.2857 
66.6667 33.3333 14.2857 
100 66.6667 14.2857 
100 66.6667 28.5714 
66.6667 66.6667 14.2857 
66.6667 100 14.2857 
100 100 14.2857 
66.6667 66.6667 14.2857 
100 100 28.5714 
66.6667 100 14.2857 
66.6667 100 14.2857 
100 100 28.5714 
100 100 14.2857 
66.6667 66.6667 14.2857 
100 100 14.2857 
100 100 28.5714 
0 0 28.5714 
0 33.3333 28.5714 
33.3333 33.3333 28.5714 
0 0 28.5714 
33.3333 33.3333 42.8571 
0 33.3333 28.5714 
0 33.3333 28.5714 
33.3333 33.3333 42.8571 
33.3333 33.3333 28.5714 
0 0 28.5714 
33.3333 33.3333 28.5714 
33.3333 33.3333 42.8571 
0 33.3333 28.5714 
0 66.6667 28.5714 
33.3333 66.6667 28.5714 
0 33.3333 28.5714 
33.3333 66.6667 42.8571 
0 66.6667 28.5714 
0 66.6667 28.5714 
33.3333 66.6667 42.8571 
33.3333 66.6667 28.5714 
0 33.3333 28.5714 
33.3333 66.6667 28.5714 
33.3333 66.6667 42.8571 
0 66.6667 28.5714 
0 100 28.5714 
33.3333 100 28.5714 
0 66.6667 28.5714 
33.3333 100 42.8571 
0 100 28.5714 
0 100 28.5714 
33.3333 100 42.8571 
33.3333 100 28.5714 
0 66.6667 28.5714 
33.3333 100 28.5714 
33.3333 100 42.8571 
33.3333 0 28.5714 
33.3333 33.3333 28.5714 
66.6667 33.3333 28.5714 
33.3333 0 28.5714 
66.6667 33.3333 42.8571 
33.3333 33.3333 28.5714 
33.3333 33.3333 28.5714 
66.6667 33.3333 42.8571 
66.6667 33.3333 28.5714 
33.3333 0 28.5714 
66.6667 33.3333 28.5714 
66.6667 33.3333 42.8571 
33.3333 33.3333 28.5714 
33.3333 66.6667 28.5714 
66.6667 66.6667 28.5714 
33.3333 33.3333 28.5714 
66.6667 66.6667 42.8571 
33.3333 66.6667 28.5714 
33.3333 66.6667 28.5714 
66.6667 66.6667 42.8571 
66.6667 66.6667 28.5714 
33.3333 33.3333 28.5714 
66.6667 66.6667 28.5714 
66.6667 66.6667 42.8571 
33.3333 66.6667 28.5714 
33.3333 100 28.5714 
66.6667 100 28.5714 
33.3333 66.6667 28.5714 
66.6667 100 42.8571 
33.3333 100 28.5714 
33.3333 100 28.5714 
66.6667 100 42.8571 
66.6667 100 28.5714 
33.3333 66.6667 28.5714 
66.6667 100 28.5714 
66.6667 100 42.8571 
66.6667 0 28.5714 
66.6667 33.3333 28.5714 
100 33.3333 28.5714 
66.6667 0 28.5714 
100 33.3333 42.8571 
66.6667 33.3333 28.5714 
66.6667 33.3333 28.5714 
100 33.3333 42.8571 
100 33.3333 28.5714 
66.6667 0 28.5714 
100 33.3333 28.5714 
100 33.3333 42.8571 
66.6667 33.3333 28.5714 
66.6667 66.6667 28.5714 
100 66.6667 28.5714 
66.6667 33.3333 28.5714 
100 66.6667 42.8571 
66.6667 66.6667 28.5714 
66.6667 66.6667 28.5714 
100 66.6667 42.8571 
100 66.6667 28.5714 
66.6667 33.3333 28.5714 
100 66.6667 28.5714 
100 66.6667 42.8571 
66.6667 66.6667 28.5714 
66.6667 100 28.5714 
100 100 28.5714 
66.6667 66.6667 28.5714 
100 100 42.8571 
66.6667 100 28.5714 
66.6667 100 28.5714 
100 100 42.8571 
100 100 28.5714 
66.6667 66.6667 28.5714 
100 100 28.5714 
100 100 42.8571 
0 0 42.8571 
0 33.3333 42.8571 
33.3333 33.3333 42.8571 
0 0 42.8571 
33.3333 33.3333 57.1429 
0 33.3333 42.8571 
0 33.3333 42.8571 
33.3333 33.3333 57.1429 
33.3333 33.3333 42.8571 
0 0 42.8571 
33.3333 33.3333 42.8571 
33.3333 33.3333 57.1429 
0 33.3333 42.8571 
0 66.6667 42.8571 
33.3333 66.6667 42.8571 
0 33.3333 42.8571 
33.3333 66.6667 57.1429 
0 66.6667 42.8571 
0 66.6667 42.8571 
33.3333 66.6667 57.1429 
33.3333 66.6667 42.8571 
0 33.3333 42.8571 
33.3333 66.6667 42.8571 
33.3333 66.6667 57.1429 
0 66.6667 42.8571 
0 100 42.8571 
33.3333 100 42.8571 
0 66.6667 42.8571 
33.3333 100 57.1429 
0 100 42.8571 
0 100 42.8571 
33.3333 100 57.1429 
33.3333 100 42.8571 
0 66.6667 42.8571 
33.3333 100 42.8571 
33.3333 100 57.1429 
33.3333 0 42.8571 
33.3333 33.3333 42.8571 
66.6667 33.3333 42.8571 
33.3333 0 42.8571 
66.6667 33.3333 57.1429 
33.3333 33.3333 42.8571 
33.3333 33.3333 42.8571 
66.6667 33.3333 57.1429 
66.6667 33.3333 42.8571 
33.3333 0 42.8571 
66.6667 33.3333 42.8571 
66.6667 33.3333 57.1429 
33.3333 33.3333 42.8571 
33.3333 66.6667 42.8571 
66.6667 66.6667 42.8571 
33.3333 33.3333 42.8571 
66.6667 66.6667 57.1429 
33.3333 66.6667 42.8571 
33.3333 66.6667 42.8571 
66.6667 66.6667 57.1429 
66.6667 66.6667 42.8571 
33.3333 33.3333 42.8571 
66.6667 66.6667 42.8571 
66.6667 66.6667 57.1429 
33.3333 66.6667 42.8571 
33.3333 100 42.8571 
66.6667 100 42.8571 
33.3333 66.6667 42.8571 
66.6667 100 57.1429 
33.3333 100 42.8571 
33.3333 100 42.8571 
66.6667 100 57.1429 
66.6667 100 42.8571 
33.3333 66.6667 42.8571 
66.6667 100 42.8571 
66.6667 100 57.1429 
66.6667 0 42.8571 
66.6667 33.3333 42.8571 
100 33.3333 42.8571 
66.6667 0 42.8571 
100 33.3333 57.1429 
66.6667 33.3333 42.8571 
66.6667 33.3333 42.8571 
100 33.3333 57.1429 
100 33.3333 42.8571 
66.6667 0 42.8571 
100 33.3333 42.8571 
100 33.3333 57.1429 
66.6667 33.3333 42.8571 
66.6667 66.6667 42.8571 
100 66.6667 42.8571 
66.6667 33.3333 42.8571 
100 66.6667 57.1429 
66.6667 66.6667 42.8571 
66.6667 66.6667 42.8571 
100 66.6667 57.1429 
100 66.6667 42.8571 
66.6667 33.3333 42.8571 
100 66.6667 42.8571 
100 66.6667 57.1429 
66.6667 66.6667 42.8571 
66.6667 100 42.8571 
100 100 42.8571 
66.6667 66.6667 42.8571 
100 100 57.1429 
66.6667 100 42.8571 
66.6667 100 42.8571 
100 100 57.1429 
100 100 42.8571 
66.6667 66.6667 42.8571 
100 100 42.8571 
100 100 57.1429 
0 0 57.1429 
0 33.3333 57.1429 
33.3333 33.3333 57.1429 
0 0 57.1429 
33.3333 33.3333 71.4286 
0 33.3333 57.1429 
0 33.3333 57.1429 
33.3333 33.3333 71.4286 
33.3333 33.3333 57.1429 
0 0 57.1429 
33.3333 33.3333 57.1429 
33.3333 33.3333 71.4286 
0 33.3333 57.1429 
0 66.6667 57.1429 
33.3333 66.6667 57.1429 
0 33.3333 57.1429 
33.3333 66.6667 71.4286 
0 66.6667 57.1429 
0 66.6667 57.1429 
33.3333 66.6667 71.4286 
33.3333 66.6667 57.1429 
0 33.3333 57.1429 
33.3333 66.6667 57.1429 
33.3333 66.6667 71.4286 
0 66.6667 57.1429 
0 100 57.1429 
33.3333 100 57.1429 
0 66.6667 57.1429 
33.3333 100 71.4286 
0 100 57.1429 
0 100 57.1429 
33.3333 100 71.4286 
33.3333 100 57.1429 
0 66.6667 57.1429 
33.3333 100 57.1429 
33.3333 100 71.4286 
33.3333 0 57.1429 
33.3333 33.3333 57.1429 
66.6667 33.3333 57.1429 
33.3333 0 57.1429 
66.6667 33.3333 71.4286 
33.3333 33.3333 57.1429 
33.3333 33.3333 57.1429 
66.6667 33.3333 71.4286 
66.6667 33.3333 57.1429 
33.3333 0 57.1429 
66.6667 33.3333 57.1429 
66.6667 33.3333 71.4286 
33.3333 33.3333 57.1429 
33.3333 66.6667 57.1429 
66.6667 66.6667 57.1429 
33.3333 33.3333 57.1429 
66.6667 66.6667 71.4286 
33.3333 66.6667 57.1429 
33.3333 66.6667 57.1429 
66.6667 66.6667 71.4286 
66.6667 66.6667 57.1429 
33.3333 33.3333 57.1429 
66.6667 66.6667 57.1429 
66.6667 66.6667 71.4286 
33.3333 66.6667 57.1429 
33.3333 100 57.1429 
66.6667 100 57.1429 
33.3333 66.6667 57.1429 
66.6667 100 71.4286 
33.3333 100 57.1429 
33.3333 100 57.1429 
66.6667 100 71.4286 
66.6667 100 57.1429 
33.3333 66.6667 57.1429 
66.6667 100 57.1429 
66.6667 100 71.4286 
66.6667 0 57.1429 
66.6667 33.3333 57.1429 
100 33.3333 57.1429 
66.6667 0 57.1429 
100 33.3333 71.4286 
66.6667 33.3333 57.1429 
66.6667 33.3333 57.1429 
100 33.3333 71.4286 
100 33.3333 57.1429 
66.6667 0 57.1429 
100 33.3333 57.1429 
100 33.3333 71.4286 
66.6667 33.3333 57.1429 
66.6667 66.6667 57.1429 
100 66.6667 57.1429 
66.6667 33.3333 57.1429 
100 66.6667 71.4286 
66.6667 66.6667 57.1429 
66.6667 66.6667 57.1429 
100 66.6667 71.4286 
100 66.6667 57.1429 
66.6667 33.3333 57.1429 
100 66.6667 57.1429 
100 66.6667 71.4286 
66.6667 66.6667 57.1429 
66.6667 100 57.1429 
100 100 57.1429 
66.6667 66.6667 57.1429 
100 100 71.4286 
66.6667 100 57.1429 
66.6667 100 57.1429 
100 100 71.4286 
100 100 57.1429 
66.6667 66.6667 57.1429 
100 100 57.1429 
100 100 71.4286 
0 0 71.4286 
0 33.3333 71.4286 
33.3333 33.3333 71.4286 
0 0 71.4286 
33.3333 33.3333 85.7143 
0 33.3333 71.4286 
0 33.3333 71.4286 
33.3333 33.3333 85.7143 
33.3333 33.3333 71.4286 
0 0 71.4286 
33.3333 33.3333 71.4286 
33.3333 33.3333 85.7143 
0 33.3333 71.4286 
0 66.6667 71.4286 
33.3333 66.6667 71.4286 
0 33.3333 71.4286 
33.3333 66.6667 85.7143 
0 66.6667 71.4286 
0 66.6667 71.4286 
33.3333 66.6667 85.7143 
33.3333 66.6667 71.4286 
0 33.3333 71.4286 
33.3333 66.6667 71.4286 
33.3333 66.6667 85.7143 
0 66.6667 71.4286 
0 100 71.4286 
33.3333 100 71.4286 
0 66.6667 71.4286 
33.3333 100 85.7143 
0 100 71.4286 
0 100 71.4286 
33.3333 100 85.7143 
33.3333 100 71.4286 
0 66.6667 71.4286 
33.3333 100 71.4286 
33.3333 100 85.7143 
33.3333 0 71.4286 
33.3333 33.3333 71.4286 
66.6667 33.3333 71.4286 
33.3333 0 71.4286 
66.6667 33.3333 85.7143 
33.3333 33.3333 71.4286 
33.3333 33.3333 71.4286 
66.6667 33.3333 85.7143 
66.6667 33.3333 71.4286 
33.3333 0 71.4286 
66.6667 33.3333 71.4286 
66.6667 33.3333 85.7143 
33.3333 33.3333 71.4286 
33.3333 66.6667 71.4286 
66.6667 66.6667 71.4286 
33.3333 33.3333 71.4286 
66.6667 66.6667 85.7143 
33.3333 66.6667 71.4286 
33.3333 66.6667 71.4286 
66.6667 66.6667 85.7143 
66.6667 66.6667 71.4286 
33.3333 33.3333 71.4286 
66.6667 66.6667 71.4286 
66.6667 66.6667 85.7143 
33.3333 66.6667 71.4286 
33.3333 100 71.4286 
66.6667 100 71.4286 
33.3333 66.6667 71.4286 
66.6667 100 85.7143 
33.3333 100 71.4286 
33.3333 100 71.4286 
66.6667 100 85.7143 
66.6667 100 71.4286 
33.3333 66.6667 71.4286 
66.6667 100 71.4286 
66.6667 100 85.7143 
66.6667 0 71.4286 
66.6667 33.3333 71.4286 
100 33.3333 71.4286 
66.6667 0 71.4286 
100 33.3333 85.7143 
66.6667 33.3333 71.4286 
66.6667 33.3333 71.4286 
100 33.3333 85.7143 
100 33.3333 71.4286 
66.6667 0 71.4286 
100 33.3333 71.4286 
100 33.3333 85.7143 
66.6667 33.3333 71.4286 
66.6667 66.6667 71.4286 
100 66.6667 71.4286 
66.6667 33.3333 71.4286 
100 66.6667 85.7143 
66.6667 66.6667 71.4286 
66.6667 66.6667 71.4286 
100 66.6667 85.7143 
100 66.6667 71.4286 
66.6667 33.3333 71.4286 
100 66.6667 71.4286 
100 66.6667 85.7143 
66.6667 66.6667 71.4286 
66.6667 100 71.4286 
100 100 71.4286 
66.6667 66.6667 71.4286 
100 100 85.7143 
66.6667 100 71.4286 
66.6667 100 71.4286 
100 100 85.7143 
100 100 71.4286 
66.6667 66.6667 71.4286 
100 100 71.4286 
100 100 85.7143 
0 0 85.7143 
0 33.3333 85.7143 
33.3333 33.3333 85.7143 
0 0 85.7143 
33.3333 33.3333 100 
0 33.3333 85.7143 
0 33.3333 85.7143 
33.3333 33.3333 100 
33.3333 33.3333 85.7143 
0 0 85.7143 
33.3333 33.3333 85.7143 
33.3333 33.3333 100 
0 33.3333 85.7143 
0 66.6667 85.7143 
33.3333 66.6667 85.7143 
0 33.3333 85.7143 
33.3333 66.6667 100 
0 66.6667 85.7143 
0 66.6667 85.7143 
33.3333 66.6667 100 
33.3333 66.6667 85.7143 
0 33.3333 85.7143 
33.3333 66.6667 85.7143 
33.3333 66.6667 100 
0 66.6667 85.7143 
0 100 85.7143 
33.3333 100 85.7143 
0 66.6667 85.7143 
33.3333 100 100 
0 100 85.7143 
0 100 85.7143 
33.3333 100 100 
33.3333 100 85.7143 
0 66.6667 85.7143 
33.3333 100 85.7143 
33.3333 100 100 
33.3333 0 85.7143 
33.3333 33.3333 85.7143 
66.6667 33.3333 85.7143 
33.3333 0 85.7143 
66.6667 33.3333 100 
33.3333 33.3333 85.7143 
33.3333 33.3333 85.7143 
66.6667 33.3333 100 
66.6667 33.3333 85.7143 
33.3333 0 85.7143 
66.6667 33.3333 85.7143 
66.6667 33.3333 100 
33.3333 33.3333 85.7143 
33.3333 66.6667 85.7143 
66.6667 66.6667 85.7143 
33.3333 33.3333 85.7143 
66.6667 66.6667 100 
33.3333 66.6667 85.7143 
33.3333 66.6667 85.7143 
66.6667 66.6667 100 
66.6667 66.6667 85.7143 
33.3333 33.3333 85.7143 
66.6667 66.6667 85.7143 
66.6667 66.6667 100 
33.3333 66.6667 85.7143 
33.3333 100 85.7143 
66.6667 100 85.7143 
33.3333 66.6667 85.7143 
66.6667 100 100 
33.3333 100 85.7143 
33.3333 100 85.7143 
66.6667 100 100 
66.6667 100 85.7143 
33.3333 66.6667 85.7143 
66.6667 100 85.7143 
66.6667 100 100 
66.6667 0 85.7143 
66.6667 33.3333 85.7143 
100 33.3333 85.7143 
66.6667 0 85.7143 
100 33.3333 100 
66.6667 33.3333 85.7143 
66.6667 33.3333 85.7143 
100 33.3333 100 
100 33.3333 85.7143 
66.6667 0 85.7143 
100 33.3333 85.7143 
100 33.3333 100 
66.6667 33.3333 85.7143 
66.6667 66.6667 85.7143 
100 66.6667 85.7143 
66.6667 33.3333 85.7143 
100 66.6667 100 
66.6667 66.6667 85.7143 
66.6667 66.6667 85.7143 
100 66.6667 100 
100 66.6667 85.7143 
66.6667 33.3333 85.7143 
100 66.6667 85.7143 
100 66.6667 100 
66.6667 66.6667 85.7143 
66.6667 100 85.7143 
100 100 85.7143 
66.6667 66.6667 85.7143 
100 100 100 
66.6667 100 85.7143 
66.6667 100 85.7143 
100 100 100 
100 100 85.7143 
66.6667 66.6667 85.7143 
100 100 85.7143 
100 100 100 
0 0 0 
33.3333 33.3333 0 
33.3333 0 0 
0 0 0 
33.3333 33.3333 14.2857 
33.3333 33.3333 0 
33.3333 33.3333 0 
33.3333 33.3333 14.2857 
33.3333 0 0 
0 0 0 
33.3333 0 0 
33.3333 33.3333 14.2857 
0 33.3333 0 
33.3333 66.6667 0 
33.3333 33.3333 0 
0 33.3333 0 
33.3333 66.6667 14.2857 
33.3333 66.6667 0 
33.3333 66.6667 0 
33.3333 66.6667 14.2857 
33.3333 33.3333 0 
0 33.3333 0 
33.3333 33.3333 0 
33.3333 66.6667 14.2857 
0 66.6667 0 
33.3333 100 0 
33.3333 66.6667 0 
0 66.6667 0 
33.3333 100 14.2857 
33.3333 100 0 
33.3333 100 0 
33.3333 100 14.2857 
33.3333 66.6667 0 
0 66.6667 0 
33.3333 66.6667 0 
33.3333 100 14.2857 
33.3333 0 0 
66.6667 33.3333 0 
66.6667 0 0 
33.3333 0 0 
66.6667 33.3333 14.2857 
66.6667 33.3333 0 
66.6667 33.3333 0 
66.6667 33.3333 14.2857 
66.6667 0 0 
33.3333 0 0 
66.6667 0 0 
66.6667 33.3333 14.2857 
33.3333 33.3333 0 
66.6667 66.6667 0 
66.6667 33.3333 0 
33.3333 33.3333 0 
66.6667 66.6667 14.2857 
66.6667 66.6667 0 
66.6667 66.6667 0 
66.6667 66.6667 14.2857 
66.6667 33.3333 0 
33.3333 33.3333 0 
66.6667 33.3333 0 
66.6667 66.6667 14.2857 
33.3333 66.6667 0 
66.6667 100 0 
66.6667 66.6667 0 
33.3333 66.6667 0 
66.6667 100 14.2857 
66.6667 100 0 
66.6667 100 0 
66.6667 100 14.2857 
66.6667 66.6667 0 
33.3333 66.6667 0 
66.6667 66.6667 0 
66.6667 100 14.2857 
66.6667 0 0 
100 33.3333 0 
100 0 0 
66.6667 0 0 
100 33.3333 14.2857 
100 33.3333 0 
100 33.3333 0 
100 33.3333 14.2857 
100 0 0 
66.6667 0 0 
100 0 0 
100 33.3333 14.2857 
66.6667 33.3333 0 
100 66.6667 0 
100 33.3333 0 
66.6667 33.3333 0 
100 66.6667 14.2857 
100 66.6667 0 
100 66.6667 0 
100 66.6667 14.2857 
100 33.3333 0 
66.6667 33.3333 0 
100 33.3333 0 
100 66.6667 14.2857 
66.6667 66.6667 0 
100 100 0 
100 66.6667 0 
66.6667 66.6667 0 
100 100 14.2857 
100 100 0 
100 100 0 
100 100 14.2857 
100 66.6667 0 
66.6667 66.6667 0 
100 66.6667 0 
100 100 14.2857 
0 0 14.2857 
33.3333 33.3333 14.2857 
33.3333 0 14.2857 
0 0 14.2857 
33.3333 33.3333 28.5714 
33.3333 33.3333 14.2857 
33.3333 33.3333 14.2857 
33.3333 33.3333 28.5714 
33.3333 0 14.2857 
0 0 14.2857 
33.3333 0 14.2857 
33.3333 33.3333 28.5714 
0 33.3333 14.2857 
33.3333 66.6667 14.2857 
33.3333 33.3333 14.2857 
0 33.3333 14.2857 
33.3333 66.6667 28.5714 
33.3333 66.6667 14.2857 
33.3333 66.6667 14.2857 
33.3333 66.6667 28.5714 
33.3333 33.3333 14.2857 
0 33.3333 14.2857 
33.3333 33.3333 14.2857 
33.3333 66.6667 28.5714 
0 66.6667 14.2857 
33.3333 100 14.2857 
33.3333 66.6667 14.2857 
0 66.6667 14.2857 
33.3333 100 28.5714 
33.3333 100 14.2857 
33.3333 100 14.2857 
33.3333 100 28.5714 
33.3333 66.6667 14.2857 
0 66.6667 14.2857 
33.3333 66.6667 14.2857 
33.3333 100 28.5714 
33.3333 0 14.2857 
66.6667 33.3333 14.2857 
66.6667 0 14.2857 
33.3333 0 14.2857 
66.6667 33.3333 28.5714 
66.6667 33.3333 14.2857 
66.6667 33.3333 14.2857 
66.6667 33.3333 28.5714 
66.6667 0 14.2857 
33.3333 0 14.2857 
66.6667 0 14.2857 
66.6667 33.3333 28.5714 
33.3333 33.3333 14.2857 
66.6667 66.6667 14.2857 
66.6667 33.3333 14.2857 
33.3333 33.3333 14.2857 
66.6667 66.6667 28.5714 
66.6667 66.6667 14.2857 
66.6667 66.6667 14.2857 
66.6667 66.6667 28.5714 
66.6667 33.3333 14.2857 
33.3333 33.3333 14.2857 
66.6667 33.3333 14.2857 
66.6667 66.6667 28.5714 
33.3333 66.6667 14.2857 
66.6667 100 14.2857 
66.6667 66.6667 14.2857 
33.3333 66.6667 14.2857 
66.6667 100 28.5714 
66.6667 100 14.2857 
66.6667 100 14.2857 
66.6667 100 28.5714 
66.6667 66.6667 14.2857 
33.3333 66.6667 14.2857 
66.6667 66.6667 14.2857 
66.6667 100 28.5714 
66.6667 0 14.2857 
100 33.3333 14.2857 
100 0 14.2857 
66.6667 0 14.2857 
100 33.3333 28.5714 
100 33.3333 14.2857 
100 33.3333 14.2857 
100 33.3333 28.5714 
100 0 14.2857 
66.6667 0 14.2857 
100 0 14.2857 
100 33.3333 28.5714 
66.6667 33.3333 14.2857 
100 66.6667 14.2857 
100 33.3333 14.2857 
66.6667 33.3333 14.2857 
100 66.6667 28.5714 
100 66.6667 14.2857 
100 66.6667 14.2857 
100 66.6667 28.5714 
100 33.3333 14.2857 
66.6667 33.3333 14.2857 
100 33.3333 14.2857 
100 66.6667 28.5714 
66.6667 66.6667 14.2857 
100 100 14.2857 
100 66.6667 14.2857 
66.6667 66.6667 14.2857 
100 100 28.5714 
100 100 14.2857 
100 100 14.2857 
100 100 28.5714 
100 66.6667 14.2857 
66.6667 66.6667 14.2857 
100 66.6667 14.2857 
100 100 28.5714 
0 0 28.5714 
33.3333 33.3333 28.5714 
33.3333 0 28.5714 
0 0 28.5714 
33.3333 33.3333 42.8571 
33.3333 33.3333 28.5714 
33.3333 33.3333 28.5714 
33.3333 33.3333 42.8571 
33.3333 0 28.5714 
0 0 28.5714 
33.3333 0 28.5714 
33.3333 33.3333 42.8571 
0 33.3333 28.5714 
33.3333 66.6667 28.5714 
33.3333 33.3333 28.5714 
0 33.3333 28.5714 
33.3333 66.6667 42.8571 
33.3333 66.6667 28.5714 
33.3333 66.6667 28.5714 
33.3333 66.6667 42.8571 
33.3333 33.3333 28.5714 
0 33.3333 28.5714 
33.3333 33.3333 28.5714 
33.3333 66.6667 42.8571 
0 66.6667 28.5714 
33.3333 100 28.5714 
33.3333 66.6667 28.5714 
0 66.6667 28.5714 
33.3333 100 42.8571 
33.3333 100 28.5714 
33.3333 100 28.5714 
33.3333 100 42.8571 
33.3333 66.6667 28.5714 
0 66.6667 28.5714 
33.3333 66.6667 28.5714 
33.3333 100 42.8571 
33.3333 0 28.5714 
66.6667 33.3333 28.5714 
66.6667 0 28.5714 
33.3333 0 28.5714 
66.6667 33.3333 42.8571 
66.6667 33.3333 28.5714 
66.6667 33.3333 28.5714 
66.6667 33.3333 42.8571 
66.6667 0 28.5714 
33.3333 0 28.5714 
66.6667 0 28.5714 
66.6667 33.3333 42.8571 
33.3333 33.3333 28.5714 
66.6667 66.6667 28.5714 
66.6667 33.3333 28.5714 
33.3333 33.3333 28.5714 
66.6667 66.6667 42.8571 
66.6667 66.6667 28.5714 
66.6667 66.6667 28.5714 
66.6667 66.6667 42.8571 
66.6667 33.3333 28.5714 
33.3333 33.3333 28.5714 
66.6667 33.3333 28.5714 
66.6667 66.6667 42.8571 
33.3333 66.6667 28.5714 
66.6667 100 28.5714 
66.6667 66.6667 28.5714 
33.3333 66.6667 28.5714 
66.6667 100 42.8571 
66.6667 100 28.5714 
66.6667 100 28.5714 
66.6667 100 42.8571 
66.6667 66.6667 28.5714 
33.3333 66.6667 28.5714 
66.6667 66.6667 28.5714 
66.6667 100 42.8571 
66.6667 0 28.5714 
100 33.3333 28.5714 
100 0 28.5714 
66.6667 0 28.5714 
100 33.3333 42.8571 
100 33.3333 28.5714 
100 33.3333 28.5714 
100 33.3333 42.8571 
100 0 28.5714 
66.6667 0 28.5714 
100 0 28.5714 
100 33.3333 42.8571 
66.6667 33.3333 28.5714 
100 66.6667 28.5714 
100 33.3333 28.5714 
66.6667 33.3333 28.5714 
100 66.6667 42.8571 
100 66.6667 28.5714 
100 66.6667 28.5714 
100 66.6667 42.8571 
100 33.3333 28.5714 
66.6667 33.3333 28.5714 
100 33.3333 28.5714 
100 66.6667 42.8571 
66.6667 66.6667 28.5714 
100 100 28.5714 
100 66.6667 28.5714 
66.6667 66.6667 28.5714 
100 100 42.8571 
100 100 28.5714 
100 100 28.5714 
100 100 42.8571 
100 66.6667 28.5714 
66.6667 66.6667 28.5714 
100 66.6667 28.5714 
100 100 42.8571 
0 0 42.8571 
33.3333 33.3333 42.8571 
33.3333 0 42.8571 
0 0 42.8571 
33.3333 33.3333 57.1429 
33.3333 33.3333 42.8571 
33.3333 33.3333 42.8571 
33.3333 33.3333 57.1429 
33.3333 0 42.8571 
0 0 42.8571 
33.3333 0 42.8571 
33.3333 33.3333 57.1429 
0 33.3333 42.8571 
33.3333 66.6667 42.8571 
33.3333 33.3333 42.8571 
0 33.3333 42.8571 
33.3333 66.6667 57.1429 
33.3333 66.6667 42.8571 
33.3333 66.6667 42.8571 
33.3333 66.6667 57.1429 
33.3333 33.3333 42.8571 
0 33.3333 42.8571 
33.3333 33.3333 42.8571 
33.3333 66.6667 57.1429 
0 66.6667 42.8571 
33.3333 100 42.8571 
33.3333 66.6667 42.8571 
0 66.6667 42.8571 
33.3333 100 57.1429 
33.3333 100 42.8571 
33.3333 100 42.8571 
33.3333 100 57.1429 
33.3333 66.6667 42.8571 
0 66.6667 42.8571 
33.3333 66.6667 42.8571 
33.3333 100 57.1429 
33.3333 0 42.8571 
66.6667 33.3333 42.8571 
66.6667 0 42.8571 
33.3333 0 42.8571 
66.6667 33.3333 57.1429 
66.6667 33.3333 42.8571 
66.6667 33.3333 42.8571 
66.6667 33.3333 57.1429 
66.6667 0 42.8571 
33.3333 0 42.8571 
66.6667 0 42.8571 
66.6667 33.3333 57.1429 
33.3333 33.3333 42.8571 
66.6667 66.6667 42.8571 
66.6667 33.3333 42.8571 
33.3333 33.3333 42.8571 
66.6667 66.6667 57.1429 
66.6667 66.6667 42.8571 
66.6667 66.6667 42.8571 
66.6667 66.6667 57.1429 
66.6667 33.3333 42.8571 
33.3333 33.3333 42.8571 
66.6667 33.3333 42.8571 
66.6667 66.6667 57.1429 
33.3333 66.6667 42.8571 
66.6667 100 42.8571 
66.6667 66.6667 42.8571 
33.3333 66.6667 42.8571 
66.6667 100 57.1429 
66.6667 100 42.8571 
66.6667 100 42.8571 
66.6667 100 57.1429 
66.6667 66.6667 42.8571 
33.3333 66.6667 42.8571 
66.6667 66.6667 42.8571 
66.6667 100 57.1429 
66.6667 0 42.8571 
100 33.3333 42.8571 
100 0 42.8571 
66.6667 0 42.8571 
100 33.3333 57.1429 
100 33.3333 42.8571 
100 33.3333 42.8571 
100 33.3333 57.1429 
100 0 42.8571 
66.6667 0 42.8571 
100 0 42.8571 
100 33.3333 57.1429 
66.6667 33.3333 42.8571 
100 66.6667 42.8571 
100 33.3333 42.8571 
66.6667 33.3333 42.8571 
100 66.6667 57.1429 
100 66.6667 42.8571 
100 66.6667 42.8571 
100 66.6667 57.1429 
100 33.3333 42.8571 
66.6667 33.3333 42.8571 
100 33.3333 42.8571 
100 66.6667 57.1429 
66.6667 66.6667 42.8571 
100 100 42.8571 
100 66.6667 42.8571 
66.6667 66.6667 42.8571 
100 100 57.1429 
100 100 42.8571 
100 100 42.8571 
100 100 57.1429 
100 66.6667 42.8571 
66.6667 66.6667 42.8571 
100 66.6667 42.8571 
100 100 57.1429 
0 0 57.1429 
33.3333 33.3333 57.1429 
33.3333 0 57.1429 
0 0 57.1429 
33.3333 33.3333 71.4286 
33.3333 33.3333 57.1429 
33.3333 33.3333 57.1429 
33.3333 33.3333 71.4286 
33.3333 0 57.1429 
0 0 57.1429 
33.3333 0 57.1429 
33.3333 33.3333 71.4286 
0 33.3333 57.1429 
33.3333 66.6667 57.1429 
33.3333 33.3333 57.1429 
0 33.3333 57.1429 
33.3333 66.6667 71.4286 
33.3333 66.6667 57.1429 
33.3333 66.6667 57.1429 
33.3333 66.6667 71.4286 
33.3333 33.3333 57.1429 
0 33.3333 57.1429 
33.3333 33.3333 57.1429 
33.3333 66.6667 71.4286 
0 66.6667 57.1429 
33.3333 100 57.1429 
33.3333 66.6667 57.1429 
0 66.6667 57.1429 
33.3333 100 71.4286 
33.3333 100 57.1429 
33.3333 100 57.1429 
33.3333 100 71.4286 
33.3333 66.6667 57.1429 
0 66.6667 57.1429 
33.3333 66.6667 57.1429 
33.3333 100 71.4286 
33.3333 0 57.1429 
66.6667 33.3333 57.1429 
66.6667 0 57.1429 
33.3333 0 57.1429 
66.6667 33.3333 71.4286 
66.6667 33.3333 57.1429 
66.6667 33.3333 57.1429 
66.6667 33.3333 71.4286 
66.6667 0 57.1429 
33.3333 0 57.1429 
66.6667 0 57.1429 
66.6667 33.3333 71.4286 
33.3333 33.3333 57.1429 
66.6667 66.6667 57.1429 
66.6667 33.3333 57.1429 
33.3333 33.3333 57.1429 
66.6667 66.6667 71.4286 
66.6667 66.6667 57.1429 
66.6667 66.6667 57.1429 
66.6667 66.6667 71.4286 
66.6667 33.3333 57.1429 
33.3333 33.3333 57.1429 
66.6667 33.3333 57.1429 
66.6667 66.6667 71.4286 
33.3333 66.6667 57.1429 
66.6667 100 57.1429 
66.6667 66.6667 57.1429 
33.3333 66.6667 57.1429 
66.6667 100 71.4286 
66.6667 100 57.1429 
66.6667 100 57.1429 
66.6667 100 71.4286 
66.6667 66.6667 57.1429 
33.3333 66.6667 57.1429 
66.6667 66.6667 57.1429 
66.6667 100 71.4286 
66.6667 0 57.1429 
100 33.3333 57.1429 
100 0 57.1429 
66.6667 0 57.1429 
100 33.3333 71.4286 
100 33.3333 57.1429 
100 33.3333 57.1429 
100 33.3333 71.4286 
100 0 57.1429 
66.6667 0 57.1429 
100 0 57.1429 
100 33.3333 71.4286 
66.6667 33.3333 57.1429 
100 66.6667 57.1429 
100 33.3333 57.1429 
66.6667 33.3333 57.1429 
100 66.6667 71.4286 
100 66.6667 57.1429 
100 66.6667 57.1429 
100 66.6667 71.4286 
100 33.3333 57.1429 
66.6667 33.3333 57.1429 
100 33.3333 57.1429 
100 66.6667 71.4286 
66.6667 66.6667 57.1429 
100 100 57.1429 
100 66.6667 57.1429 
66.6667 66.6667 57.1429 
100 100 71.4286 
100 100 57.1429 
100 100 57.1429 
100 100 71.4286 
100 66.6667 57.1429 
66.6667 66.6667 57.1429 
100 66.6667 57.1429 
100 100 71.4286 
0 0 71.4286 
33.3333 33.3333 71.4286 
33.3333 0 71.4286 
0 0 71.4286 
33.3333 33.3333 85.7143 
33.3333 33.3333 71.4286 
33.3333 33.3333 71.4286 
33.3333 33.3333 85.7143 
33.3333 0 71.4286 
0 0 71.4286 
33.3333 0 71.4286 
33.3333 33.3333 85.7143 
0 33.3333 71.4286 
33.3333 66.6667 71.4286 
33.3333 33.3333 71.4286 
0 33.3333 71.4286 
33.3333 66.6667 85.7143 
33.3333 66.6667 71.4286 
33.3333 66.6667 71.4286 
33.3333 66.6667 85.7143 
33.3333 33.3333 71.4286 
0 33.3333 71.4286 
33.3333 33.3333 71.4286 
33.3333 66.6667 85.7143 
0 66.6667 71.4286 
33.3333 100 71.4286 
33.3333 66.6667 71.4286 
0 66.6667 71.4286 
33.3333 100 85.7143 
33.3333 100 71.4286 
33.3333 100 71.4286 
33.3333 100 85.7143 
33.3333 66.6667 71.4286 
0 66.6667 71.4286 
33.3333 66.6667 71.4286 
33.3333 100 85.7143 
33.3333 0 71.4286 
66.6667 33.3333 71.4286 
66.6667 0 71.4286 
33.3333 0 71.4286 
66.6667 33.3333 85.7143 
66.6667 33.3333 71.4286 
66.6667 33.3333 71.4286 
66.6667 33.3333 85.7143 
66.6667 0 71.4286 
33.3333 0 71.4286 
66.6667 0 71.4286 
66.6667 33.3333 85.7143 
33.3333 33.3333 71.4286 
66.6667 66.6667 71.4286 
66.6667 33.3333 71.4286 
33.3333 33.3333 71.4286 
66.6667 66.6667 85.7143 
66.6667 66.6667 71.4286 
66.6667 66.6667 71.4286 
66.6667 66.6667 85.7143 
66.6667 33.3333 71.4286 
33.3333 33.3333 71.4286 
66.6667 33.3333 71.4286 
66.6667 66.6667 85.7143 
33.3333 66.6667 71.4286 
66.6667 100 71.4286 
66.6667 66.6667 71.4286 
33.3333 66.6667 71.4286 
66.6667 100 85.7143 
66.6667 100 71.4286 
66.6667 100 71.4286 
66.6667 100 85.7143 
66.6667 66.6667 71.4286 
33.3333 66.6667 71.4286 
66.6667 66.6667 71.4286 
66.6667 100 85.7143 
66.6667 0 71.4286 
100 33.3333 71.4286 
100 0 71.4286 
66.6667 0 71.4286 
100 33.3333 85.7143 
100 33.3333 71.4286 
100 33.3333 71.4286 
100 33.3333 85.7143 
100 0 71.4286 
66.6667 0 71.4286 
100 0 71.4286 
100 33.3333 85.7143 
66.6667 33.3333 71.4286 
100 66.6667 71.4286 
100 33.3333 71.4286 
66.6667 33.3333 71.4286 
100 66.6667 85.7143 
100 66.6667 71.4286 
100 66.6667 71.4286 
100 66.6667 85.7143 
100 33.3333 71.4286 
66.6667 33.3333 71.4286 
100 33.3333 71.4286 
100 66.6667 85.7143 
66.6667 66.6667 71.4286 
100 100 71.4286 
100 66.6667 71.4286 
66.6667 66.6667 71.4286 
100 100 85.7143 
100 100 71.4286 
100 100 71.4286 
100 100 85.7143 
100 66.6667 71.4286 
66.6667 66.6667 71.4286 
100 66.6667 71.4286 
100 100 85.7143 
0 0 85.7143 
33.3333 33.3333 85.7143 
33.3333 0 85.7143 
0 0 85.7143 
33.3333 33.3333 100 
33.3333 33.3333 85.7143 
33.3333 33.3333 85.7143 
33.3333 33.3333 100 
33.3333 0 85.7143 
0 0 85.7143 
33.3333 0 85.7143 
33.3333 33.3333 100 
0 33.3333 85.7143 
33.3333 66.6667 85.7143 
33.3333 33.3333 85.7143 
0 33.3333 85.7143 
33.3333 66.6667 100 
33.3333 66.6667 85.7143 
33.3333 66.6667 85.7143 
33.3333 66.6667 100 
33.3333 33.3333 85.7143 
0 33.3333 85.7143 
33.3333 33.3333 85.7143 
33.3333 66.6667 100 
0 66.6667 85.7143 
33.3333 100 85.7143 
33.3333 66.6667 85.7143 
0 66.6667 85.7143 
33.3333 100 100 
33.3333 100 85.7143 
33.3333 100 85.7143 
33.3333 100 100 
33.3333 66.6667 85.7143 
0 66.6667 85.7143 
33.3333 66.6667 85.7143 
33.3333 100 100 
33.3333 0 85.7143 
66.6667 33.3333 85.7143 
66.6667 0 85.7143 
33.3333 0 85.7143 
66.6667 33.3333 100 
66.6667 33.3333 85.7143 
66.6667 33.3333 85.7143 
66.6667 33.3333 100 
66.6667 0 85.7143 
33.3333 0 85.7143 
66.6667 0 85.7143 
66.6667 33.3333 100 
33.3333 33.3333 85.7143 
66.6667 66.6667 85.7143 
66.6667 33.3333 85.7143 
33.3333 33.3333 85.7143 
66.6667 66.6667 100 
66.6667 66.6667 85.7143 
66.6667 66.6667 85.7143 
66.6667 66.6667 100 
66.6667 33.3333 85.7143 
33.3333 33.3333 85.7143 
66.6667 33.3333 85.7143 
66.6667 66.6667 100 
33.3333 66.6667 85.7143 
66.6667 100 85.7143 
66.6667 66.6667 85.7143 
33.3333 66.6667 85.7143 
66.6667 100 100 
66.6667 100 85.7143 
66.6667 100 85.7143 
66.6667 100 100 
66.6667 66.6667 85.7143 
33.3333 66.6667 85.7143 
66.6667 66.6667 85.7143 
66.6667 100 100 
66.6667 0 85.7143 
100 33.3333 85.7143 
100 0 85.7143 
66.6667 0 85.7143 
100 33.3333 100 
100 33.3333 85.7143 
100 33.3333 85.7143 
100 33.3333 100 
100 0 85.7143 
66.6667 0 85.7143 
100 0 85.7143 
100 33.3333 100 
66.6667 33.3333 85.7143 
100 66.6667 85.7143 
100 33.3333 85.7143 
66.6667 33.3333 85.7143 
100 66.6667 100 
100 66.6667 85.7143 
100 66.6667 85.7143 
100 66.6667 100 
100 33.3333 85.7143 
66.6667 33.3333 85.7143 
100 33.3333 85.7143 
100 66.6667 100 
66.6667 66.6667 85.7143 
100 100 85.7143 
100 66.6667 85.7143 
66.6667 66.6667 85.7143 
100 100 100 
100 100 85.7143 
100 100 85.7143 
100 100 100 
100 66.6667 85.7143 
66.6667 66.6667 85.7143 
100 66.6667 85.7143 
100 100 100 
0 0 0 
33.3333 0 14.2857 
0 0 14.2857 
0 0 0 
33.3333 33.3333 14.2857 
33.3333 0 14.2857 
33.3333 0 14.2857 
33.3333 33.3333 14.2857 
0 0 14.2857 
0 0 0 
0 0 14.2857 
33.3333 33.3333 14.2857 
0 33.3333 0 
33.3333 33.3333 14.2857 
0 33.3333 14.2857 
0 33.3333 0 
33.3333 66.6667 14.2857 
33.3333 33.3333 14.2857 
33.3333 33.3333 14.2857 
33.3333 66.6667 14.2857 
0 33.3333 14.2857 
0 33.3333 0 
0 33.3333 14.2857 
33.3333 66.6667 14.2857 
0 66.6667 0 
33.3333 66.6667 14.2857 
0 66.6667 14.2857 
0 66.6667 0 
33.3333 100 14.2857 
33.3333 66.6667 14.2857 
33.3333 66.6667 14.2857 
33.3333 100 14.2857 
0 66.6667 14.2857 
0 66.6667 0 
0 66.6667 14.2857 
33.3333 100 14.2857 
33.3333 0 0 
66.6667 0 14.2857 
33.3333 0 14.2857 
33.3333 0 0 
66.6667 33.3333 14.2857 
66.6667 0 14.2857 
66.6667 0 14.2857 
66.6667 33.3333 14.2857 
33.3333 0 14.2857 
33.3333 0 0 
33.3333 0 14.2857 
66.6667 33.3333 14.2857 
33.3333 33.3333 0 
66.6667 33.3333 14.2857 
33.3333 33.3333 14.2857 
33.3333 33.3333 0 
66.6667 66.6667 14.2857 
66.6667 33.3333 14.2857 
66.6667 33.3333 14.2857 
66.6667 66.6667 14.2857 
33.3333 33.3333 14.2857 
33.3333 33.3333 0 
33.3333 33.3333 14.2857 
66.6667 66.6667 14.2857 
33.3333 66.6667 0 
66.6667 66.6667 14.2857 
33.3333 66.6667 14.2857 
33.3333 66.6667 0 
66.6667 100 14.2857 
66.6667 66.6667 14.2857 
66.6667 66.6667 14.2857 
66.6667 100 14.2857 
33.3333 66.6667 14.2857 
33.3333 66.6667 0 
33.3333 66.6667 14.2857 
66.6667 100 14.2857 
66.6667 0 0 
100 0 14.2857 
66.6667 0 14.2857 
66.6667 0 0 
100 33.3333 14.2857 
100 0 14.2857 
100 0 14.2857 
100 33.3333 14.2857 
66.6667 0 14.2857 
66.6667 0 0 
66.6667 0 14.2857 
100 33.3333 14.2857 
66.6667 33.3333 0 
100 33.3333 14.2857 
66.6667 33.3333 14.2857 
66.6667 33.3333 0 
100 66.6667 14.2857 
100 33.3333 14.2857 
100 33.3333 14.2857 
100 66.6667 14.2857 
66.6667 33.3333 14.2857 
66.6667 33.3333 0 
66.6667 33.3333 14.2857 
100 66.6667 14.2857 
66.6667 66.6667 0 
100 66.6667 14.2857 
66.6667 66.6667 14.2857 
66.6667 66.6667 0 
100 100 14.2857 
100 66.6667 14.2857 
100 66.6667 14.2857 
100 100 14.2857 
66.6667 66.6667 14.2857 
66.6667 66.6667 0 
66.6667 66.6667 14.2857 
100 100 14.2857 
0 0 14.2857 
33.3333 0 28.5714 
0 0 28.5714 
0 0 14.2857 
33.3333 33.3333 28.5714 
33.3333 0 28.5714 
33.3333 0 28.5714 
33.3333 33.3333 28.5714 
0 0 28.5714 
0 0 14.2857 
0 0 28.5714 
33.3333 33.3333 28.5714 
0 33.3333 14.2857 
33.3333 33.3333 28.5714 
0 33.3333 28.5714 
0 33.3333 14.2857 
33.3333 66.6667 28.5714 
33.3333 33.3333 28.5714 
33.3333 33.3333 28.5714 
33.3333 66.6667 28.5714 
0 33.3333 28.5714 
0 33.3333 14.2857 
0 33.3333 28.5714 
33.3333 66.6667 28.5714 
0 66.6667 14.2857 
33.3333 66.6667 28.5714 
0 66.6667 28.5714 
0 66.6667 14.2857 
33.3333 100 28.5714 
33.3333 66.6667 28.5714 
33.3333 66.6667 28.5714 
33.3333 100 28.5714 
0 66.6667 28.5714 
0 66.6667 14.2857 
0 66.6667 28.5714 
33.3333 100 28.5714 
33.3333 0 14.2857 
66.6667 0 28.5714 
33.3333 0 28.5714 
33.3333 0 14.2857 
66.6667 33.3333 28.5714 
66.6667 0 28.5714 
66.6667 0 28.5714 
66.6667 33.3333 28.5714 
33.3333 0 28.5714 
33.3333 0 14.2857 
33.3333 0 28.5714 
66.6667 33.3333 28.5714 
33.3333 33.3333 14.2857 
66.6667 33.3333 28.5714 
33.3333 33.3333 28.5714 
33.3333 33.3333 14.2857 
66.6667 66.6667 28.5714 
66.6667 33.3333 28.5714 
66.6667 33.3333 28.5714 
66.6667 66.6667 28.5714 
33.3333 33.3333 28.5714 
33.3333 33.3333 14.2857 
33.3333 33.3333 28.5714 
66.6667 66.6667 28.5714 
33.3333 66.6667 14.2857 
66.6667 66.6667 28.5714 
33.3333 66.6667 28.5714 
33.3333 66.6667 14.2857 
66.6667 100 28.5714 
66.6667 66.6667 28.5714 
66.6667 66.6667 28.5714 
66.6667 100 28.5714 
33.3333 66.6667 28.5714 
33.3333 66.6667 14.2857 
33.3333 66.6667 28.5714 
66.6667 100 28.5714 
66.6667 0 14.2857 
100 0 28.5714 
66.6667 0 28.5714 
66.6667 0 14.2857 
100 33.3333 28.5714 
100 0 28.5714 
100 0 28.5714 
100 33.3333 28.5714 
66.6667 0 28.5714 
66.6667 0 14.2857 
66.6667 0 28.5714 
100 33.3333 28.5714 
66.6667 33.3333 14.2857 
100 33.3333 28.5714 
66.6667 33.3333 28.5714 
66.6667 33.3333 14.2857 
100 66.6667 28.5714 
100 33.3333 28.5714 
100 33.3333 28.5714 
100 66.6667 28.5714 
66.6667 33.3333 28.5714 
66.6667 33.3333 14.2857 
66.6667 33.3333 28.5714 
100 66.6667 28.5714 
66.6667 66.6667 14.2857 
100 66.6667 28.5714 
66.6667 66.6667 28.5714 
66.6667 66.6667 14.2857 
100 100 28.5714 
100 66.6667 28.5714 
100 66.6667 28.5714 
100 100 28.5714 
66.6667 66.6667 28.5714 
66.6667 66.6667 14.2857 
66.6667 66.6667 28.5714 
100 100 28.5714 
0 0 28.5714 
33.3333 0 42.8571 
0 0 42.8571 
0 0 28.5714 
33.3333 33.3333 42.8571 
33.3333 0 42.8571 
33.3333 0 42.8571 
33.3333 33.3333 42.8571 
0 0 42.8571 
0 0 28.5714 
0 0 42.8571 
33.3333 33.3333 42.8571 
0 33.3333 28.5714 
33.3333 33.3333 42.8571 
0 33.3333 42.8571 
0 33.3333 28.5714 
33.3333 66.6667 42.8571 
33.3333 33.3333 42.8571 
33.3333 33.3333 42.8571 
33.3333 66.6667 42.8571 
0 33.3333 42.8571 
0 33.3333 28.5714 
0 33.3333 42.8571 
33.3333 66.6667 42.8571 
0 66.6667 28.5714 
33.3333 66.6667 42.8571 
0 66.6667 42.8571 
0 66.6667 28.5714 
33.3333 100 42.8571 
33.3333 66.6667 42.8571 
33.3333 66.6667 42.8571 
33.3333 100 42.8571 
0 66.6667 42.8571 
0 66.6667 28.5714 
0 66.6667 42.8571 
33.3333 100 42.8571 
33.3333 0 28.5714 
66.6667 0 42.8571 
33.3333 0 42.8571 
33.3333 0 28.5714 
66.6667 33.3333 42.8571 
66.6667 0 42.8571 
66.6667 0 42.8571 
66.6667 33.3333 42.8571 
33.3333 0 42.8571 
33.3333 0 28.5714 
33.3333 0 42.8571 
66.6667 33.3333 42.8571 
33.3333 33.3333 28.5714 
66.6667 33.3333 42.8571 
33.3333 33.3333 42.8571 
33.3333 33.3333 28.5714 
66.6667 66.6667 42.8571 
66.6667 33.3333 42.8571 
66.6667 33.3333 42.8571 
66.6667 66.6667 42.8571 
33.3333 33.3333 42.8571 
33.3333 33.3333 28.5714 
33.3333 33.3333 42.8571 
66.6667 66.6667 42.8571 
33.3333 66.6667 28.5714 
66.6667 66.6667 42.8571 
33.3333 66.6667 42.8571 
33.3333 66.6667 28.5714 
66.6667 100 42.8571 
66.6667 66.6667 42.8571 
66.6667 66.6667 42.8571 
66.6667 100 42.8571 
33.3333 66.6667 42.8571 
33.3333 66.6667 28.5714 
33.3333 66.6667 42.8571 
66.6667 100 42.8571 
66.6667 0 28.5714 
100 0 42.8571 
66.6667 0 42.8571 
66.6667 0 28.5714 
100 33.3333 42.8571 
100 0 42.8571 
100 0 42.8571 
100 33.3333 42.8571 
66.6667 0 42.8571 
66.6667 0 28.5714 
66.6667 0 42.8571 
100 33.3333 42.8571 
66.6667 33.3333 28.5714 
100 33.3333 42.8571 
66.6667 33.3333 42.8571 
66.6667 33.3333 28.5714 
100 66.6667 42.8571 
100 33.3333 42.8571 
100 33.3333 42.8571 
100 66.6667 42.8571 
66.6667 33.3333 42.8571 
66.6667 33.3333 28.5714 
66.6667 33.3333 42.8571 
100 66.6667 42.8571 
66.6667 66.6667 28.5714 
100 66.6667 42.8571 
66.6667 66.6667 42.8571 
66.6667 66.6667 28.5714 
100 100 42.8571 
100 66.6667 42.8571 
100 66.6667 42.8571 
100 100 42.8571 
66.6667 66.6667 42.8571 
66.6667 66.6667 28.5714 
66.6667 66.6667 42.8571 
100 100 42.8571 
0 0 42.8571 
33.3333 0 57.1429 
0 0 57.1429 
0 0 42.8571 
33.3333 33.3333 57.1429 
33.3333 0 57.1429 
33.3333 0 57.1429 
33.3333 33.3333 57.1429 
0 0 57.1429 
0 0 42.8571 
0 0 57.1429 
33.3333 33.3333 57.1429 
0 33.3333 42.8571 
33.3333 33.3333 57.1429 
0 33.3333 57.1429 
0 33.3333 42.8571 
33.3333 66.6667 57.1429 
33.3333 33.3333 57.1429 
33.3333 33.3333 57.1429 
33.3333 66.6667 57.1429 
0 33.3333 57.1429 
0 33.3333 42.8571 
0 33.3333 57.1429 
33.3333 66.6667 57.1429 
0 66.6667 42.8571 
33.3333 66.6667 57.1429 
0 66.6667 57.1429 
0 66.6667 42.8571 
33.3333 100 57.1429 
33.3333 66.6667 57.1429 
33.3333 66.6667 57.1429 
33.3333 100 57.1429 
0 66.6667 57.1429 
0 66.6667 42.8571 
0 66.6667 57.1429 
33.3333 100 57.1429 
33.3333 0 42.8571 
66.6667 0 57.1429 
33.3333 0 57.1429 
33.3333 0 42.8571 
66.6667 33.3333 57.1429 
66.6667 0 57.1429 
66.6667 0 57.1429 
66.6667 33.3333 57.1429 
33.3333 0 57.1429 
33.3333 0 42.8571 
33.3333 0 57.1429 
66.6667 33.3333 57.1429 
33.3333 33.3333 42.8571 
66.6667 33.3333 57.1429 
33.3333 33.3333 57.1429 
33.3333 33.3333 42.8571 
66.6667 66.6667 57.1429 
66.6667 33.3333 57.1429 
66.6667 33.3333 57.1429 
66.6667 66.6667 57.1429 
33.3333 33.3333 57.1429 
33.3333 33.3333 42.8571 
33.3333 33.3333 57.1429 
66.6667 66.6667 57.1429 
33.3333 66.6667 42.8571 
66.6667 66.6667 57.1429 
33.3333 66.6667 57.1429 
33.3333 66.6667 42.8571 
66.6667 100 57.1429 
66.6667 66.6667 57.1429 
66.6667 66.6667 57.1429 
66.6667 100 57.1429 
33.3333 66.6667 57.1429 
33.3333 66.6667 42.8571 
33.3333 66.6667 57.1429 
66.6667 100 57.1429 
66.6667 0 42.8571 
100 0 57.1429 
66.6667 0 57.1429 
66.6667 0 42.8571 
100 33.3333 57.1429 
100 0 57.1429 
100 0 57.1429 
100 33.3333 57.1429 
66.6667 0 57.1429 
66.6667 0 42.8571 
66.6667 0 57.1429 
100 33.3333 57.1429 
66.6667 33.3333 42.8571 
100 33.3333 57.1429 
66.6667 33.3333 57.1429 
66.6667 33.3333 42.8571 
100 66.6667 57.1429 
100 33.3333 57.1429 
100 33.3333 57.1429 
100 66.6667 57.1429 
66.6667 33.3333 57.1429 
66.6667 33.3333 42.8571 
66.6667 33.3333 57.1429 
100 66.6667 57.1429 
66.6667 66.6667 42.8571 
100 66.6667 57.1429 
66.6667 66.6667 57.1429 
66.6667 66.6667 42.8571 
100 100 57.1429 
100 66.6667 57.1429 
100 66.6667 57.1429 
100 100 57.1429 
66.6667 66.6667 57.1429 
66.6667 66.6667 42.8571 
66.6667 66.6667 57.1429 
100 100 57.1429 
0 0 57.1429 
33.3333 0 71.4286 
0 0 71.4286 
0 0 57.1429 
33.3333 33.3333 71.4286 
33.3333 0 71.4286 
33.3333 0 71.4286 
33.3333 33.3333 71.4286 
0 0 71.4286 
0 0 57.1429 
0 0 71.4286 
33.3333 33.3333 71.4286 
0 33.3333 57.1429 
33.3333 33.3333 71.4286 
0 33.3333 71.4286 
0 33.3333 57.1429 
33.3333 66.6667 71.4286 
33.3333 33.3333 71.4286 
33.3333 33.3333 71.4286 
33.3333 66.6667 71.4286 
0 33.3333 71.4286 
0 33.3333 57.1429 
0 33.3333 71.4286 
33.3333 66.6667 71.4286 
0 66.6667 57.1429 
33.3333 66.6667 71.4286 
0 66.6667 71.4286 
0 66.6667 57.1429 
33.3333 100 71.4286 
33.3333 66.6667 71.4286 
33.3333 66.6667 71.4286 
33.3333 100 71.4286 
0 66.6667 71.4286 
0 66.6667 57.1429 
0 66.6667 71.4286 
33.3333 100 71.4286 
33.3333 0 57.1429 
66.6667 0 71.4286 
33.3333 0 71.4286 
33.3333 0 57.1429 
66.6667 33.3333 71.4286 
66.6667 0 71.4286 
66.6667 0 71.4286 
66.6667 33.3333 71.4286 
33.3333 0 71.4286 
33.3333 0 57.1429 
33.3333 0 71.4286 
66.6667 33.3333 71.4286 
33.3333 33.3333 57.1429 
66.6667 33.3333 71.4286 
33.3333 33.3333 71.4286 
33.3333 33.3333 57.1429 
66.6667 66.6667 71.4286 
66.6667 33.3333 71.4286 
66.6667 33.3333 71.4286 
66.6667 66.6667 71.4286 
33.3333 33.3333 71.4286 
33.3333 33.3333 57.1429 
33.3333 33.3333 71.4286 
66.6667 66.6667 71.4286 
33.3333 66.6667 57.1429 
66.6667 66.6667 71.4286 
33.3333 66.6667 71.4286 
33.3333 66.6667 57.1429 
66.6667 100 71.4286 
66.6667 66.6667 71.4286 
66.6667 66.6667 71.4286 
66.6667 100 71.4286 
33.3333 66.6667 71.4286 
33.3333 66.6667 57.1429 
33.3333 66.6667 71.4286 
66.6667 100 71.4286 
66.6667 0 57.1429 
100 0 71.4286 
66.6667 0 71.4286 
66.6667 0 57.1429 
100 33.3333 71.4286 
100 0 71.4286 
100 0 71.4286 
100 33.3333 71.4286 
66.6667 0 71.4286 
66.6667 0 57.1429 
66.6667 0 71.4286 
100 33.3333 71.4286 
66.6667 33.3333 57.1429 
100 33.3333 71.4286 
66.6667 33.3333 71.4286 
66.6667 33.3333 57.1429 
100 66.6667 71.4286 
100 33.3333 71.4286 
100 33.3333 71.4286 
100 66.6667 71.4286 
66.6667 33.3333 71.4286 
66.6667 33.3333 57.1429 
66.6667 33.3333 71.4286 
100 66.6667 71.4286 
66.6667 66.6667 57.1429 
100 66.6667 71.4286 
66.6667 66.6667 71.4286 
66.6667 66.6667 57.1429 
100 100 71.4286 
100 66.6667 71.4286 
100 66.6667 71.4286 
100 100 71.4286 
66.6667 66.6667 71.4286 
66.6667 66.6667 57.1429 
66.6667 66.6667 71.4286 
100 100 71.4286 
0 0 71.4286 
33.3333 0 85.7143 
0 0 85.7143 
0 0 71.4286 
33.3333 33.3333 85.7143 
33.3333 0 85.7143 
33.3333 0 85.7143 
33.3333 33.3333 85.7143 
0 0 85.7143 
0 0 71.4286 
0 0 85.7143 
33.3333 33.3333 85.7143 
0 33.3333 71.4286 
33.3333 33.3333 85.7143 
0 33.3333 85.7143 
0 33.3333 71.4286 
33.3333 66.6667 85.7143 
33.3333 33.3333 85.7143 
33.3333 33.3333 85.7143 
33.3333 66.6667 85.7143 
0 33.3333 85.7143 
0 33.3333 71.4286 
0 33.3333 85.7143 
33.3333 66.6667 85.7143 
0 66.6667 71.4286 
33.3333 66.6667 85.7143 
0 66.6667 85.7143 
0 66.6667 71.4286 
33.3333 100 85.7143 
33.3333 66.6667 85.7143 
33.3333 66.6667 85.7143 
33.3333 100 85.7143 
0 66.6667 85.7143 
0 66.6667 71.4286 
0 66.6667 85.7143 
33.3333 100 85.7143 
33.3333 0 71.4286 
66.6667 0 85.7143 
33.3333 0 85.7143 
33.3333 0 71.4286 
66.6667 33.3333 85.7143 
66.6667 0 85.7143 
66.6667 0 85.7143 
66.6667 33.3333 85.7143 
33.3333 0 85.7143 
33.3333 0 71.4286 
33.3333 0 85.7143 
66.6667 33.3333 85.7143 
33.3333 33.3333 71.4286 
66.6667 33.3333 85.7143 
33.3333 33.3333 85.7143 
33.3333 33.3333 71.4286 
66.6667 66.6667 85.7143 
66.6667 33.3333 85.7143 
66.6667 33.3333 85.7143 
66.6667 66.6667 85.7143 
33.3333 33.3333 85.7143 
33.3333 33.3333 71.4286 
33.3333 33.3333 85.7143 
66.6667 66.6667 85.7143 
33.3333 66.6667 71.4286 
66.6667 66.6667 85.7143 
33.3333 66.6667 85.7143 
33.3333 66.6667 71.4286 
66.6667 100 85.7143 
66.6667 66.6667 85.7143 
66.6667 66.6667 85.7143 
66.6667 100 85.7143 
33.3333 66.6667 85.7143 
33.3333 66.6667 71.4286 
33.3333 66.6667 85.7143 
66.6667 100 85.7143 
66.6667 0 71.4286 
100 0 85.7143 
66.6667 0 85.7143 
66.6667 0 71.4286 
100 33.3333 85.7143 
100 0 85.7143 
100 0 85.7143 
100 33.3333 85.7143 
66.6667 0 85.7143 
66.6667 0 71.4286 
66.6667 0 85.7143 
100 33.3333 85.7143 
66.6667 33.3333 71.4286 
100 33.3333 85.7143 
66.6667 33.3333 85.7143 
66.6667 33.3333 71.4286 
100 66.6667 85.7143 
100 33.3333 85.7143 
100 33.3333 85.7143 
100 66.6667 85.7143 
66.6667 33.3333 85.7143 
66.6667 33.3333 71.4286 
66.6667 33.3333 85.7143 
100 66.6667 85.7143 
66.6667 66.6667 71.4286 
100 66.6667 85.7143 
66.6667 66.6667 85.7143 
66.6667 66.6667 71.4286 
100 100 85.7143 
100 66.6667 85.7143 
100 66.6667 85.7143 
100 100 85.7143 
66.6667 66.6667 85.7143 
66.6667 66.6667 71.4286 
66.6667 66.6667 85.7143 
100 100 85.7143 
0 0 85.7143 
33.3333 0 100 
0 0 100 
0 0 85.7143 
33.3333 33.3333 100 
33.3333 0 100 
33.3333 0 100 
33.3333 33.3333 100 
0 0 100 
0 0 85.7143 
0 0 100 
33.3333 33.3333 100 
0 33.3333 85.7143 
33.3333 33.3333 100 
0 33.3333 100 
0 33.3333 85.7143 
33.3333 66.6667 100 
33.3333 33.3333 100 
33.3333 33.3333 100 
33.3333 66.6667 100 
0 33.3333 100 
0 33.3333 85.7143 
0 33.3333 100 
33.3333 66.6667 100 
0 66.6667 85.7143 
33.3333 66.6667 100 
0 66.6667 100 
0 66.6667 85.7143 
33.3333 100 100 
33.3333 66.6667 100 
33.3333 66.6667 100 
33.3333 100 100 
0 66.6667 100 
0 66.6667 85.7143 
0 66.6667 100 
33.3333 100 100 
33.3333 0 85.7143 
66.6667 0 100 
33.3333 0 100 
33.3333 0 85.7143 
66.6667 33.3333 100 
66.6667 0 100 
66.6667 0 100 
66.6667 33.3333 100 
33.3333 0 100 
33.3333 0 85.7143 
33.3333 0 100 
66.6667 33.3333 100 
33.3333 33.3333 85.7143 
66.6667 33.3333 100 
33.3333 33.3333 100 
33.3333 33.3333 85.7143 
66.6667 66.6667 100 
66.6667 33.3333 100 
66.6667 33.3333 100 
66.6667 66.6667 100 
33.3333 33.3333 100 
33.3333 33.3333 85.7143 
33.3333 33.3333 100 
66.6667 66.6667 100 
33.3333 66.6667 85.7143 
66.6667 66.6667 100 
33.3333 66.6667 100 
33.3333 66.6667 85.7143 
66.6667 100 100 
66.6667 66.6667 100 
66.6667 66.6667 100 
66.6667 100 100 
33.3333 66.6667 100 
33.3333 66.6667 85.7143 
33.3333 66.6667 100 
66.6667 100 100 
66.6667 0 85.7143 
100 0 100 
66.6667 0 100 
66.6667 0 85.7143 
100 33.3333 100 
100 0 100 
100 0 100 
100 33.3333 100 
66.6667 0 100 
66.6667 0 85.7143 
66.6667 0 100 
100 33.3333 100 
66.6667 33.3333 85.7143 
100 33.3333 100 
66.6667 33.3333 100 
66.6667 33.3333 85.7143 
100 66.6667 100 
100 33.3333 100 
100 33.3333 100 
100 66.6667 100 
66.6667 33.3333 100 
66.6667 33.3333 85.7143 
66.6667 33.3333 100 
100 66.6667 100 
66.6667 66.6667 85.7143 
100 66.6667 100 
66.6667 66.6667 100 
66.6667 66.6667 85.7143 
100 100 100 
100 66.6667 100 
100 66.6667 100 
100 100 100 
66.6667 66.6667 100 
66.6667 66.6667 85.7143 
66.6667 66.6667 100 
100 100 100 
0 0 0 
33.3333 0 0 
33.3333 0 14.2857 
0 0 0 
33.3333 33.3333 14.2857 
33.3333 0 0 
33.3333 0 0 
33.3333 33.3333 14.2857 
33.3333 0 14.2857 
0 0 0 
33.3333 0 14.2857 
33.3333 33.3333 14.2857 
0 33.3333 0 
33.3333 33.3333 0 
33.3333 33.3333 14.2857 
0 33.3333 0 
33.3333 66.6667 14.2857 
33.3333 33.3333 0 
33.3333 33.3333 0 
33.3333 66.6667 14.2857 
33.3333 33.3333 14.2857 
0 33.3333 0 
33.3333 33.3333 14.2857 
33.3333 66.6667 14.2857 
0 66.6667 0 
33.3333 66.6667 0 
33.3333 66.6667 14.2857 
0 66.6667 0 
33.3333 100 14.2857 
33.3333 66.6667 0 
33.3333 66.6667 0 
33.3333 100 14.2857 
33.3333 66.6667 14.2857 
0 66.6667 0 
33.3333 66.6667 14.2857 
33.3333 100 14.2857 
33.3333 0 0 
66.6667 0 0 
66.6667 0 14.2857 
33.3333 0 0 
66.6667 33.3333 14.2857 
66.6667 0 0 
66.6667 0 0 
66.6667 33.3333 14.2857 
66.6667 0 14.2857 
33.3333 0 0 
66.6667 0 14.2857 
66.6667 33.3333 14.2857 
33.3333 33.3333 0 
66.6667 33.3333 0 
66.6667 33.3333 14.2857 
33.3333 33.3333 0 
66.6667 66.6667 14.2857 
66.6667 33.3333 0 
66.6667 33.3333 0 
66.6667 66.6667 14.2857 
66.6667 33.3333 14.2857 
33.3333 33.3333 0 
66.6667 33.3333 14.2857 
66.6667 66.6667 14.2857 
33.3333 66.6667 0 
66.6667 66.6667 0 
66.6667 66.6667 14.2857 
33.3333 66.6667 0 
66.6667 100 14.2857 
66.6667 66.6667 0 
66.6667 66.6667 0 
66.6667 100 14.2857 
66.6667 66.6667 14.2857 
33.3333 66.6667 0 
66.6667 66.6667 14.2857 
66.6667 100 14.2857 
66.6667 0 0 
100 0 0 
100 0 14.2857 
66.6667 0 0 
100 33.3333 14.2857 
100 0 0 
100 0 0 
100 33.3333 14.2857 
100 0 14.2857 
66.6667 0 0 
100 0 14.2857 
100 33.3333 14.2857 
66.6667 33.3333 0 
100 33.3333 0 
100 33.3333 14.2857 
66.6667 33.3333 0 
100 66.6667 14.2857 
100 33.3333 0 
100 33.3333 0 
100 66.6667 14.2857 
100 33.3333 14.2857 
66.6667 33.3333 0 
100 33.3333 14.2857 
100 66.6667 14.2857 
66.6667 66.6667 0 
100 66.6667 0 
100 66.6667 14.2857 
66.6667 66.6667 0 
100 100 14.2857 
100 66.6667 0 
100 66.6667 0 
100 100 14.2857 
100 66.6667 14.2857 
66.6667 66.6667 0 
100 66.6667 14.2857 
100 100 14.2857 
0 0 14.2857 
33.3333 0 14.2857 
33.3333 0 28.5714 
0 0 14.2857 
33.3333 33.3333 28.5714 
33.3333 0 14.2857 
33.3333 0 14.2857 
33.3333 33.3333 28.5714 
33.3333 0 28.5714 
0 0 14.2857 
33.3333 0 28.5714 
33.3333 33.3333 28.5714 
0 33.3333 14.2857 
33.3333 33.3333 14.2857 
33.3333 33.3333 28.5714 
0 33.3333 14.2857 
33.3333 66.6667 28.5714 
33.3333 33.3333 14.2857 
33.3333 33.3333 14.2857 
33.3333 66.6667 28.5714 
33.3333 33.3333 28.5714 
0 33.3333 14.2857 
33.3333 33.3333 28.5714 
33.3333 66.6667 28.5714 
0 66.6667 14.2857 
33.3333 66.6667 14.2857 
33.3333 66.6667 28.5714 
0 66.6667 14.2857 
33.3333 100 28.5714 
33.3333 66.6667 14.2857 
33.3333 66.6667 14.2857 
33.3333 100 28.5714 
33.3333 66.6667 28.5714 
0 66.6667 14.2857 
33.3333 66.6667 28.5714 
33.3333 100 28.5714 
33.3333 0 14.2857 
66.6667 0 14.2857 
66.6667 0 28.5714 
33.3333 0 14.2857 
66.6667 33.3333 28.5714 
66.6667 0 14.2857 
66.6667 0 14.2857 
66.6667 33.3333 28.5714 
66.6667 0 28.5714 
33.3333 0 14.2857 
66.6667 0 28.5714 
66.6667 33.3333 28.5714 
33.3333 33.3333 14.2857 
66.6667 33.3333 14.2857 
66.6667 33.3333 28.5714 
33.3333 33.3333 14.2857 
66.6667 66.6667 28.5714 
66.6667 33.3333 14.2857 
66.6667 33.3333 14.2857 
66.6667 66.6667 28.5714 
66.6667 33.3333 28.5714 
33.3333 33.3333 14.2857 
66.6667 33.3333 28.5714 
66.6667 66.6667 28.5714 
33.3333 66.6667 14.2857 
66.6667 66.6667 14.2857 
66.6667 66.6667 28.5714 
33.3333 66.6667 14.2857 
66.6667 100 28.5714 
66.6667 66.6667 14.2857 
66.6667 66.6667 14.2857 
66.6667 100 28.5714 
66.6667 66.6667 28.5714 
33.3333 66.6667 14.2857 
66.6667 66.6667 28.5714 
66.6667 100 28.5714 
66.6667 0 14.2857 
100 0 14.2857 
100 0 28.5714 
66.6667 0 14.2857 
100 33.3333 28.5714 
100 0 14.2857 
100 0 14.2857 
100 33.3333 28.5714 
100 0 28.5714 
66.6667 0 14.2857 
100 0 28.5714 
100 33.3333 28.5714 
66.6667 33.3333 14.2857 
100 33.3333 14.2857 
100 33.3333 28.5714 
66.6667 33.3333 14.2857 
100 66.6667 28.5714 
100 33.3333 14.2857 
100 33.3333 14.2857 
100 66.6667 28.5714 
100 33.3333 28.5714 
66.6667 33.3333 14.2857 
100 33.3333 28.5714 
100 66.6667 28.5714 
66.6667 66.6667 14.2857 
100 66.6667 14.2857 
100 66.6667 28.5714 
66.6667 66.6667 14.2857 
100 100 28.5714 
100 66.6667 14.2857 
100 66.6667 14.2857 
100 100 28.5714 
100 66.6667 28.5714 
66.6667 66.6667 14.2857 
100 66.6667 28.5714 
100 100 28.5714 
0 0 28.5714 
33.3333 0 28.5714 
33.3333 0 42.8571 
0 0 28.5714 
33.3333 33.3333 42.8571 
33.3333 0 28.5714 
33.3333 0 28.5714 
33.3333 33.3333 42.8571 
33.3333 0 42.8571 
0 0 28.5714 
33.3333 0 42.8571 
33.3333 33.3333 42.8571 
0 33.3333 28.5714 
33.3333 33.3333 28.5714 
33.3333 33.3333 42.8571 
0 33.3333 28.5714 
33.3333 66.6667 42.8571 
33.3333 33.3333 28.5714 
33.3333 33.3333 28.5714 
33.3333 66.6667 42.8571 
33.3333 33.3333 42.8571 
0 33.3333 28.5714 
33.3333 33.3333 42.8571 
33.3333 66.6667 42.8571 
0 66.6667 28.5714 
33.3333 66.6667 28.5714 
33.3333 66.6667 42.8571 
0 66.6667 28.5714 
33.3333 100 42.8571 
33.3333 66.6667 28.5714 
33.3333 66.6667 28.5714 
33.3333 100 42.8571 
33.3333 66.6667 42.8571 
0 66.6667 28.5714 
33.3333 66.6667 42.8571 
33.3333 100 42.8571 
33.3333 0 28.5714 
66.6667 0 28.5714 
66.6667 0 42.8571 
33.3333 0 28.5714 
66.6667 33.3333 42.8571 
66.6667 0 28.5714 
66.6667 0 28.5714 
66.6667 33.3333 42.8571 
66.6667 0 42.8571 
33.3333 0 28.5714 
66.6667 0 42.8571 
66.6667 33.3333 42.8571 
33.3333 33.3333 28.5714 
66.6667 33.3333 28.5714 
66.6667 33.3333 42.8571 
33.3333 33.3333 28.5714 
66.6667 66.6667 42.8571 
66.6667 33.3333 28.5714 
66.6667 33.3333 28.5714 
66.6667 66.6667 42.8571 
66.6667 33.3333 42.8571 
33.3333 33.3333 28.5714 
66.6667 33.3333 42.8571 
66.6667 66.6667 42.8571 
33.3333 66.6667 28.5714 
66.6667 66.6667 28.5714 
66.6667 66.6667 42.8571 
33.3333 66.6667 28.5714 
66.6667 100 42.8571 
66.6667 66.6667 28.5714 
66.6667 66.6667 28.5714 
66.6667 100 42.8571 
66.6667 66.6667 42.8571 
33.3333 66.6667 28.5714 
66.6667 66.6667 42.8571 
66.6667 100 42.8571 
66.6667 0 28.5714 
100 0 28.5714 
100 0 42.8571 
66.6667 0 28.5714 
100 33.3333 42.8571 
100 0 28.5714 
100 0 28.5714 
100 33.3333 42.8571 
100 0 42.8571 
66.6667 0 28.5714 
100 0 42.8571 
100 33.3333 42.8571 
66.6667 33.3333 28.5714 
100 33.3333 28.5714 
100 33.3333 42.8571 
66.6667 33.3333 28.5714 
100 66.6667 42.8571 
100 33.3333 28.5714 
100 33.3333 28.5714 
100 66.6667 42.8571 
100 33.3333 42.8571 
66.6667 33.3333 28.5714 
100 33.3333 42.8571 
100 66.6667 42.8571 
66.6667 66.6667 28.5714 
100 66.6667 28.5714 
100 66.6667 42.8571 
66.6667 66.6667 28.5714 
100 100 42.8571 
100 66.6667 28.5714 
100 66.6667 28.5714 
100 100 42.8571 
100 66.6667 42.8571 
66.6667 66.6667 28.5714 
100 66.6667 42.8571 
100 100 42.8571 
0 0 42.8571 
33.3333 0 42.8571 
33.3333 0 57.1429 
0 0 42.8571 
33.3333 33.3333 57.1429 
33.3333 0 42.8571 
33.3333 0 42.8571 
33.3333 33.3333 57.1429 
33.3333 0 57.1429 
0 0 42.8571 
33.3333 0 57.1429 
33.3333 33.3333 57.1429 
0 33.3333 42.8571 
33.3333 33.3333 42.8571 
33.3333 33.3333 57.1429 
0 33.3333 42.8571 
33.3333 66.6667 57.1429 
33.3333 33.3333 42.8571 
33.3333 33.3333 42.8571 
33.3333 66.6667 57.1429 
33.3333 33.3333 57.1429 
0 33.3333 42.8571 
33.3333 33.3333 57.1429 
33.3333 66.6667 57.1429 
0 66.6667 42.8571 
33.3333 66.6667 42.8571 
33.3333 66.6667 57.1429 
0 66.6667 42.8571 
33.3333 100 57.1429 
33.3333 66.6667 42.8571 
33.3333 66.6667 42.8571 
33.3333 100 57.1429 
33.3333 66.6667 57.1429 
0 66.6667 42.8571 
33.3333 66.6667 57.1429 
33.3333 100 57.1429 
33.3333 0 42.8571 
66.6667 0 42.8571 
66.6667 0 57.1429 
33.3333 0 42.8571 
66.6667 33.3333 57.1429 
66.6667 0 42.8571 
66.6667 0 42.8571 
66.6667 33.3333 57.1429 
66.6667 0 57.1429 
33.3333 0 42.8571 
66.6667 0 57.1429 
66.6667 33.3333 57.1429 
33.3333 33.3333 42.8571 
66.6667 33.3333 42.8571 
66.6667 33.3333 57.1429 
33.3333 33.3333 42.8571 
66.6667 66.6667 57.1429 
66.6667 33.3333 42.8571 
66.6667 33.3333 42.8571 
66.6667 66.6667 57.1429 
66.6667 33.3333 57.1429 
33.3333 33.3333 42.8571 
66.6667 33.3333 57.1429 
66.6667 66.6667 57.1429 
33.3333 66.6667 42.8571 
66.6667 66.6667 42.8571 
66.6667 66.6667 57.1429 
33.3333 66.6667 42.8571 
66.6667 100 57.1429 
66.6667 66.6667 42.8571 
66.6667 66.6667 42.8571 
66.6667 100 57.1429 
66.6667 66.6667 57.1429 
33.3333 66.6667 42.8571 
66.6667 66.6667 57.1429 
66.6667 100 57.1429 
66.6667 0 42.8571 
100 0 42.8571 
100 0 57.1429 
66.6667 0 42.8571 
100 33.3333 57.1429 
100 0 42.8571 
100 0 42.8571 
100 33.3333 57.1429 
100 0 57.1429 
66.6667 0 42.8571 
100 0 57.1429 
100 33.3333 57.1429 
66.6667 33.3333 42.8571 
100 33.3333 42.8571 
100 33.3333 57.1429 
66.6667 33.3333 42.8571 
100 66.6667 57.1429 
100 33.3333 42.8571 
100 33.3333 42.8571 
100 66.6667 57.1429 
100 33.3333 57.1429 
66.6667 33.3333 42.8571 
100 33.3333 57.1429 
100 66.6667 57.1429 
66.6667 66.6667 42.8571 
100 66.6667 42.8571 
100 66.6667 57.1429 
66.6667 66.6667 42.8571 
100 100 57.1429 
100 66.6667 42.8571 
100 66.6667 42.8571 
100 100 57.1429 
100 66.6667 57.1429 
66.6667 66.6667 42.8571 
100 66.6667 57.1429 
100 100 57.1429 
0 0 57.1429 
33.3333 0 57.1429 
33.3333 0 71.4286 
0 0 57.1429 
33.3333 33.3333 71.4286 
33.3333 0 57.1429 
33.3333 0 57.1429 
33.3333 33.3333 71.4286 
33.3333 0 71.4286 
0 0 57.1429 
33.3333 0 71.4286 
33.3333 33.3333 71.4286 
0 33.3333 57.1429 
33.3333 33.3333 57.1429 
33.3333 33.3333 71.4286 
0 33.3333 57.1429 
33.3333 66.6667 71.4286 
33.3333 33.3333 57.1429 
33.3333 33.3333 57.1429 
33.3333 66.6667 71.4286 
33.3333 33.3333 71.4286 
0 33.3333 57.1429 
33.3333 33.3333 71.4286 
33.3333 66.6667 71.4286 
0 66.6667 57.1429 
33.3333 66.6667 57.1429 
33.3333 66.6667 71.4286 
0 66.6667 57.1429 
33.3333 100 71.4286 
33.3333 66.6667 57.1429 
33.3333 66.6667 57.1429 
33.3333 100 71.4286 
33.3333 66.6667 71.4286 
0 66.6667 57.1429 
33.3333 66.6667 71.4286 
33.3333 100 71.4286 
33.3333 0 57.1429 
66.6667 0 57.1429 
66.6667 0 71.4286 
33.3333 0 57.1429 
66.6667 33.3333 71.4286 
66.6667 0 57.1429 
66.6667 0 57.1429 
66.6667 33.3333 71.4286 
66.6667 0 71.4286 
33.3333 0 57.1429 
66.6667 0 71.4286 
66.6667 33.3333 71.4286 
33.3333 33.3333 57.1429 
66.6667 33.3333 57.1429 
66.6667 33.3333 71.4286 
33.3333 33.3333 57.1429 
66.6667 66.6667 71.4286 
66.6667 33.3333 57.1429 
66.6667 33.3333 57.1429 
66.6667 66.6667 71.4286 
66.6667 33.3333 71.4286 
33.3333 33.3333 57.1429 
66.6667 33.3333 71.4286 
66.6667 66.6667 71.4286 
33.3333 66.6667 57.1429 
66.6667 66.6667 57.1429 
66.6667 66.6667 71.4286 
33.3333 66.6667 57.1429 
66.6667 100 71.4286 
66.6667 66.6667 57.1429 
66.6667 66.6667 57.1429 
66.6667 100 71.4286 
66.6667 66.6667 71.4286 
33.3333 66.6667 57.1429 
66.6667 66.6667 71.4286 
66.6667 100 71.4286 
66.6667 0 57.1429 
100 0 57.1429 
100 0 71.4286 
66.6667 0 57.1429 
100 33.3333 71.4286 
100 0 57.1429 
100 0 57.1429 
100 33.3333 71.4286 
100 0 71.4286 
66.6667 0 57.1429 
100 0 71.4286 
100 33.3333 71.4286 
66.6667 33.3333 57.1429 
100 33.3333 57.1429 
100 33.3333 71.4286 
66.6667 33.3333 57.1429 
100 66.6667 71.4286 
100 33.3333 57.1429 
100 33.3333 57.1429 
100 66.6667 71.4286 
100 33.3333 71.4286 
66.6667 33.3333 57.1429 
100 33.3333 71.4286 
100 66.6667 71.4286 
66.6667 66.6667 57.1429 
100 66.6667 57.1429 
100 66.6667 71.4286 
66.6667 66.6667 57.1429 
100 100 71.4286 
100 66.6667 57.1429 
100 66.6667 57.1429 
100 100 71.4286 
100 66.6667 71.4286 
66.6667 66.6667 57.1429 
100 66.6667 71.4286 
100 100 71.4286 
0 0 71.4286 
33.3333 0 71.4286 
33.3333 0 85.7143 
0 0 71.4286 
33.3333 33.3333 85.7143 
33.3333 0 71.4286 
33.3333 0 71.4286 
33.3333 33.3333 85.7143 
33.3333 0 85.7143 
0 0 71.4286 
33.3333 0 85.7143 
33.3333 33.3333 85.7143 
0 33.3333 71.4286 
33.3333 33.3333 71.4286 
33.3333 33.3333 85.7143 
0 33.3333 71.4286 
33.3333 66.6667 85.7143 
33.3333 33.3333 71.4286 
33.3333 33.3333 71.4286 
33.3333 66.6667 85.7143 
33.3333 33.3333 85.7143 
0 33.3333 71.4286 
33.3333 33.3333 85.7143 
33.3333 66.6667 85.7143 
0 66.6667 71.4286 
33.3333 66.6667 71.4286 
33.3333 66.6667 85.7143 
0 66.6667 71.4286 
33.3333 100 85.7143 
33.3333 66.6667 71.4286 
33.3333 66.6667 71.4286 
33.3333 100 85.7143 
33.3333 66.6667 85.7143 
0 66.6667 71.4286 
33.3333 66.6667 85.7143 
33.3333 100 85.7143 
33.3333 0 71.4286 
66.6667 0 71.4286 
66.6667 0 85.7143 
33.3333 0 71.4286 
66.6667 33.3333 85.7143 
66.6667 0 71.4286 
66.6667 0 71.4286 
66.6667 33.3333 85.7143 
66.6667 0 85.7143 
33.3333 0 71.4286 
66.6667 0 85.7143 
66.6667 33.3333 85.7143 
33.3333 33.3333 71.4286 
66.6667 33.3333 71.4286 
66.6667 33.3333 85.7143 
33.3333 33.3333 71.4286 
66.6667 66.6667 85.7143 
66.6667 33.3333 71.4286 
66.6667 33.3333 71.4286 
66.6667 66.6667 85.7143 
66.6667 33.3333 85.7143 
33.3333 33.3333 71.4286 
66.6667 33.3333 85.7143 
66.6667 66.6667 85.7143 
33.3333 66.6667 71.4286 
66.6667 66.6667 71.4286 
66.6667 66.6667 85.7143 
33.3333 66.6667 71.4286 
66.6667 100 85.7143 
66.6667 66.6667 71.4286 
66.6667 66.6667 71.4286 
66.6667 100 85.7143 
66.6667 66.6667 85.7143 
33.3333 66.6667 71.4286 
66.6667 66.6667 85.7143 
66.6667 100 85.7143 
66.6667 0 71.4286 
100 0 71.4286 
100 0 85.7143 
66.6667 0 71.4286 
100 33.3333 85.7143 
100 0 71.4286 
100 0 71.4286 
100 33.3333 85.7143 
100 0 85.7143 
66.6667 0 71.4286 
100 0 85.7143 
100 33.3333 85.7143 
66.6667 33.3333 71.4286 
100 33.3333 71.4286 
100 33.3333 85.7143 
66.6667 33.3333 71.4286 
100 66.6667 85.7143 
100 33.3333 71.4286 
100 33.3333 71.4286 
100 66.6667 85.7143 
100 33.3333 85.7143 
66.6667 33.3333 71.4286 
100 33.3333 85.7143 
100 66.6667 85.7143 
66.6667 66.6667 71.4286 
100 66.6667 71.4286 
100 66.6667 85.7143 
66.6667 66.6667 71.4286 
100 100 85.7143 
100 66.6667 71.4286 
100 66.6667 71.4286 
100 100 85.7143 
100 66.6667 85.7143 
66.6667 66.6667 71.4286 
100 66.6667 85.7143 
100 100 85.7143 
0 0 85.7143 
33.3333 0 85.7143 
33.3333 0 100 
0 0 85.7143 
33.3333 33.3333 100 
33.3333 0 85.7143 
33.3333 0 85.7143 
33.3333 33.3333 100 
33.3333 0 100 
0 0 85.7143 
33.3333 0 100 
33.3333 33.3333 100 
0 33.3333 85.7143 
33.3333 33.3333 85.7143 
33.3333 33.3333 100 
0 33.3333 85.7143 
33.3333 66.6667 100 
33.3333 33.3333 85.7143 
33.3333 33.3333 85.7143 
33.3333 66.6667 100 
33.3333 33.3333 100 
0 33.3333 85.7143 
33.3333 33.3333 100 
33.3333 66.6667 100 
0 66.6667 85.7143 
33.3333 66.6667 85.7143 
33.3333 66.6667 100 
0 66.6667 85.7143 
33.3333 100 100 
33.3333 66.6667 85.7143 
33.3333 66.6667 85.7143 
33.3333 100 100 
33.3333 66.6667 100 
0 66.6667 85.7143 
33.3333 66.6667 100 
33.3333 100 100 
33.3333 0 85.7143 
66.6667 0 85.7143 
66.6667 0 100 
33.3333 0 85.7143 
66.6667 33.3333 100 
66.6667 0 85.7143 
66.6667 0 85.7143 
66.6667 33.3333 100 
66.6667 0 100 
33.3333 0 85.7143 
66.6667 0 100 
66.6667 33.3333 100 
33.3333 33.3333 85.7143 
66.6667 33.3333 85.7143 
66.6667 33.3333 100 
33.3333 33.3333 85.7143 
66.6667 66.6667 100 
66.6667 33.3333 85.7143 
66.6667 33.3333 85.7143 
66.6667 66.6667 100 
66.6667 33.3333 100 
33.3333 33.3333 85.7143 
66.6667 33.3333 100 
66.6667 66.6667 100 
33.3333 66.6667 85.7143 
66.6667 66.6667 85.7143 
66.6667 66.6667 100 
33.3333 66.6667 85.7143 
66.6667 100 100 
66.6667 66.6667 85.7143 
66.6667 66.6667 85.7143 
66.6667 100 100 
66.6667 66.6667 100 
33.3333 66.6667 85.7143 
66.6667 66.6667 100 
66.6667 100 100 
66.6667 0 85.7143 
100 0 85.7143 
100 0 100 
66.6667 0 85.7143 
100 33.3333 100 
100 0 85.7143 
100 0 85.7143 
100 33.3333 100 
100 0 100 
66.6667 0 85.7143 
100 0 100 
100 33.3333 100 
66.6667 33.3333 85.7143 
100 33.3333 85.7143 
100 33.3333 100 
66.6667 33.3333 85.7143 
100 66.6667 100 
100 33.3333 85.7143 
100 33.3333 85.7143 
100 66.6667 100 
100 33.3333 100 
66.6667 33.3333 85.7143 
100 33.3333 100 
100 66.6667 100 
66.6667 66.6667 85.7143 
100 66.6667 85.7143 
100 66.6667 100 
66.6667 66.6667 85.7143 
100 100 100 
100 66.6667 85.7143 
100 66.6667 85.7143 
100 100 100 
100 66.6667 100 
66.6667 66.6667 85.7143 
100 66.6667 100 
100 100 100 
