-1.57026e+008
-1.16939e+008
-2.19411e+008
-2.35392e+008
57612
-3.29267e+008
-2.35285e+008
62024
-3.29331e+008
-2.35223e+008
63788
-3.29372e+008
-2.35182e+008
40976
-3.29395e+008
-2.3514e+008
28568
-3.29424e+008
-7.8443e+007
1.16989e+008
-1.09755e+008
1.11669e+010
-1.75291e+008
-3.29194e+008
500657
424852
-6.58088e+008
773321
437540
-6.58048e+008
916809
424228
-6.58051e+008
1.03254e+006
413032
-6.58029e+008
1.11728e+006
363104
-6.5803e+008
468926
1.75653e+008
-3.28916e+008
375752
-1.75111e+008
-3.29212e+008
548775
666864
-6.58077e+008
749796
638328
-6.58026e+008
909466
553596
-6.58027e+008
994675
508228
-6.58017e+008
1.11091e+006
482700
-6.58013e+008
450588
1.75693e+008
-3.28882e+008
383520
-1.7505e+008
-3.29272e+008
587684
809612
-6.58076e+008
737959
764596
-6.58033e+008
886116
635632
-6.58014e+008
990350
590952
-6.58023e+008
1.10662e+006
568044
-6.5804e+008
460330
1.75744e+008
-3.28862e+008
411088
-1.75003e+008
-3.29277e+008
630566
903688
-6.58063e+008
765808
865544
-6.58031e+008
912704
729456
-6.5802e+008
1.03146e+006
652156
-6.58055e+008
1.11735e+006
638192
-6.58032e+008
471324
1.75789e+008
-3.28837e+008
405184
-1.74955e+008
-3.29298e+008
618752
1.00906e+006
-6.58048e+008
752248
981324
-6.5802e+008
899584
844612
-6.58e+008
1.04556e+006
740276
-6.58012e+008
1.12402e+006
705936
-6.57999e+008
459293
1.75811e+008
-3.28823e+008
1.57271e+008
-5.8199e+007
-1.09649e+008
2.36e+008
698220
-3.28807e+008
2.36055e+008
693080
-3.28744e+008
2.36125e+008
644540
-3.28678e+008
2.36201e+008
567916
-3.28634e+008
2.3625e+008
533412
-3.28616e+008
7.89028e+007
5.87807e+007
-2.19134e+008
-7.86369e+007
-5.86237e+007
8.21934e+009
-2.35986e+008
-279993
3.2885e+008
-2.36107e+008
-324129
3.28752e+008
-2.36172e+008
-345497
3.28699e+008
-2.36231e+008
-342486
3.28657e+008
-2.36273e+008
-323966
3.28623e+008
-1.5737e+008
5.83387e+007
1.09422e+008
1.11665e+010
-1.75748e+008
8.32893e+009
-459559
-492980
6.58026e+008
-759000
-510732
6.58069e+008
-923866
-494240
6.58053e+008
-1.02267e+006
-454076
6.58059e+008
-1.13139e+006
-419580
6.58042e+008
-698805
1.75286e+008
3.29109e+008
-86744
-1.75823e+008
3.28879e+008
-572514
-708504
6.58031e+008
-746055
-637660
6.58093e+008
-910256
-542636
6.58064e+008
-1.01292e+006
-515500
6.58065e+008
-1.10121e+006
-472960
6.58049e+008
-729249
1.75254e+008
3.2914e+008
-113904
-1.75889e+008
3.28812e+008
-584824
-793084
6.58055e+008
-750832
-780419
6.58071e+008
-884760
-642463
6.58069e+008
-987392
-579427
6.58044e+008
-1.10817e+006
-560420
6.58025e+008
-713217
1.75223e+008
3.29152e+008
-141592
-1.75942e+008
3.28794e+008
-635771
-914472
6.58063e+008
-766254
-872960
6.58074e+008
-917486
-737244
6.58063e+008
-1.02558e+006
-657176
6.58017e+008
-1.12513e+006
-652704
6.58025e+008
-717277
1.75165e+008
3.29189e+008
-140224
-1.75988e+008
3.2877e+008
-627368
-1.00975e+006
6.58071e+008
-759367
-979868
6.58078e+008
-907013
-849688
6.58083e+008
-1.04994e+006
-734928
6.58056e+008
-1.12369e+006
-693112
6.58053e+008
-708708
1.75148e+008
3.29196e+008
7.85693e+007
-1.17105e+008
1.09548e+008
2.35421e+008
-363652
3.29233e+008
2.35367e+008
-359676
3.29285e+008
2.35301e+008
-311168
3.29347e+008
2.35224e+008
-239896
3.29392e+008
2.35179e+008
-210024
3.29412e+008
1.56691e+008
1.1686e+008
2.19738e+008
