0
0
0
0
0
0
0
0
0
0
0
0
0
0
0
0
0
0
0
0
0
0
0
0
0
0
0
0
0
0
0
0
0
0
0
0
0
0
0
0
0
0
0
0
0
0
0
0
0
0
0
0
0
0
0
0
0
0
0
0
0
0
0
0
0
0
0
0
0
0
0
0
0
0
0
-0.00200499
-0.101848
-0.0448855
-0.00318082
-0.100301
-0.0165993
0.00212365
-0.0992751
0.00541139
0.00861305
-0.0995342
0.0270232
0.0159647
-0.101491
0.0510567
1.39893e-005
-0.102482
-0.0432716
-0.000983531
-0.10021
-0.0144359
-0.001127
-0.100105
0.0019567
-0.000558552
-0.101757
0.0160369
-0.000482487
-0.105948
0.0315147
0.00215953
-0.0995613
-0.0433443
-0.000112208
-0.0972381
-0.0149734
-0.00256493
-0.0968824
0.000782462
-0.00500491
-0.0986698
0.0144656
-0.00738589
-0.103186
0.0298565
0.00464326
-0.0927332
-0.0429204
0.00134386
-0.0903907
-0.0150347
-0.00357819
-0.0901826
0.000379451
-0.00875986
-0.092012
0.013499
-0.0132458
-0.0964381
0.0285561
0.00769474
-0.0831769
-0.0373761
0.00435758
-0.080532
-0.0110433
-0.00368172
-0.0806886
0.000833282
-0.0122206
-0.0827379
0.0105039
-0.0193965
-0.087088
0.0227905
0.00738806
-0.271713
-0.0685785
0.005476
-0.272291
-0.0359456
0.00383199
-0.272515
-0.00505651
0.0039328
-0.27299
0.0258338
0.00523877
-0.273748
0.0603988
0.00593395
-0.268684
-0.0721296
0.00332584
-0.268997
-0.0392823
0.000569486
-0.269629
-0.00750822
-0.000728919
-0.270796
0.0238028
-0.00163887
-0.272794
0.0579778
0.00615429
-0.261751
-0.0731038
0.00224293
-0.26188
-0.0401606
-0.0012842
-0.262173
-0.00847863
-0.00506222
-0.263776
0.0210781
-0.00891113
-0.266788
0.0528086
0.00607764
-0.251216
-0.0748946
0.00141657
-0.250837
-0.0415952
-0.00305268
-0.25102
-0.00973783
-0.00816779
-0.25264
0.0197034
-0.0134912
-0.25593
0.0508705
0.00501113
-0.239749
-0.077062
0.000878099
-0.238167
-0.0429136
-0.00393699
-0.238026
-0.0105689
-0.0105685
-0.239885
0.0178355
-0.017738
-0.243753
0.0471648
0.0138444
-0.435939
-0.0772615
0.0115676
-0.4385
-0.0466218
0.00852623
-0.440382
-0.0158083
0.00524709
-0.442053
0.0155424
0.00230666
-0.443648
0.0481729
0.0119976
-0.431011
-0.0805711
0.00912919
-0.433664
-0.0492483
0.00576252
-0.435703
-0.0170055
0.00235998
-0.437487
0.0161778
-0.000677719
-0.439028
0.0506772
0.0110917
-0.424054
-0.0826826
0.00696802
-0.426893
-0.0514577
0.00319433
-0.428938
-0.0189104
-0.000734395
-0.430947
0.0149355
-0.00435854
-0.432727
0.0501642
0.0102498
-0.413942
-0.0846244
0.00546455
-0.416464
-0.0533105
0.00107381
-0.418445
-0.0205249
-0.00309634
-0.420423
0.0136245
-0.00763505
-0.422599
0.0487383
0.00775427
-0.403663
-0.0895505
0.00329079
-0.405323
-0.0573354
-0.00104157
-0.406899
-0.0234732
-0.00497603
-0.408778
0.0119843
-0.00960075
-0.411146
0.047904
0.0198644
-0.567015
-0.0854744
0.017684
-0.570472
-0.0564583
0.0149135
-0.573239
-0.0268968
0.0116318
-0.575635
0.0033245
0.00822163
-0.577976
0.0337418
0.0185948
-0.561529
-0.0861876
0.0158111
-0.565234
-0.0568823
0.0125623
-0.568258
-0.0265924
0.00898294
-0.570836
0.00463551
0.0055924
-0.573068
0.0359494
0.0176621
-0.555954
-0.0879547
0.0138931
-0.559993
-0.0585182
0.0102789
-0.56312
-0.0277374
0.00646749
-0.565812
0.00444928
0.00291668
-0.568007
0.0367324
0.0170035
-0.547155
-0.0896337
0.0125673
-0.551121
-0.0602922
0.00818408
-0.554413
-0.029507
0.00415238
-0.557151
0.00301998
8.12161e-005
-0.559599
0.0359289
0.0158783
-0.536822
-0.091935
0.0112096
-0.540506
-0.0627994
0.00645252
-0.543774
-0.0317927
0.00221836
-0.546595
0.00120391
-0.00170062
-0.549071
0.0348361
