0.223349 0.249602 0.213189
0.223349 0.249602 0.213189
0.223349 0.249602 0.213189
0.22335 0.249603 0.21319
0.223351 0.249605 0.213191
0.223353 0.249608 0.213192
0.223357 0.249612 0.213194
0.223362 0.249618 0.213198
0.22337 0.249626 0.213202
0.223381 0.249635 0.213208
0.223396 0.249646 0.213216
0.223414 0.249659 0.213226
0.223437 0.249672 0.213237
0.223463 0.249687 0.213251
0.223494 0.249703 0.213267
0.223527 0.249719 0.213285
0.223563 0.249736 0.213305
0.223601 0.249753 0.213326
0.223641 0.249772 0.21335
0.223681 0.249792 0.213374
0.22372 0.249813 0.213399
0.223759 0.249835 0.213425
0.223796 0.249859 0.21345
0.22383 0.249883 0.213475
0.223863 0.249909 0.213498
0.223892 0.249936 0.21352
0.223919 0.249963 0.213541
0.223943 0.249991 0.213559
0.223965 0.250018 0.213576
0.223984 0.250045 0.213591
0.224001 0.250071 0.213604
0.224016 0.250096 0.213616
0.22403 0.250119 0.213625
0.224044 0.250141 0.213633
0.224056 0.25016 0.21364
0.224068 0.250176 0.213645
0.22408 0.250191 0.21365
0.224092 0.250202 0.213654
0.224103 0.250212 0.213657
0.224115 0.250218 0.21366
0.224127 0.250222 0.213663
0.224138 0.250225 0.213666
0.22415 0.250225 0.213669
0.224161 0.250223 0.213673
0.224172 0.250221 0.213677
0.224183 0.250217 0.213682
0.224193 0.250213 0.213688
0.224204 0.250208 0.213695
0.224214 0.250204 0.213702
0.224225 0.2502 0.21371
0.224236 0.250197 0.213719
0.224248 0.250195 0.213728
0.22426 0.250195 0.213738
0.224273 0.250196 0.213748
0.224287 0.250199 0.213758
0.224302 0.250204 0.213769
0.224318 0.250211 0.213781
0.224334 0.25022 0.213792
0.224352 0.250231 0.213803
0.22437 0.250244 0.213815
0.22439 0.250259 0.213827
0.22441 0.250276 0.213839
0.224431 0.250294 0.21385
0.224453 0.250314 0.213863
0.224475 0.250334 0.213875
0.224498 0.250356 0.213887
0.224522 0.250378 0.2139
0.224546 0.250401 0.213913
0.224571 0.250424 0.213927
0.224596 0.250447 0.213941
0.224622 0.250469 0.213956
0.224648 0.250491 0.21397
0.224674 0.250512 0.213986
0.2247 0.250533 0.214001
0.224726 0.250552 0.214017
0.224752 0.250571 0.214033
0.224777 0.250589 0.214048
0.224802 0.250606 0.214064
0.224827 0.250621 0.21408
0.224851 0.250636 0.214095
0.224874 0.25065 0.21411
0.224897 0.250663 0.214124
0.224918 0.250674 0.214138
0.224939 0.250685 0.214152
0.224959 0.250695 0.214165
0.224978 0.250705 0.214177
0.224996 0.250713 0.214189
0.225013 0.250721 0.2142
0.225029 0.250728 0.21421
0.225045 0.250734 0.214219
0.22506 0.25074 0.214228
0.225074 0.250746 0.214237
0.225088 0.250751 0.214245
0.225102 0.250756 0.214252
0.225115 0.250761 0.214259
0.225128 0.250765 0.214265
0.22514 0.25077 0.214272
0.225153 0.250775 0.214278
0.225166 0.250779 0.214284
0.225179 0.250784 0.214289
0.225192 0.25079 0.214295
0.225205 0.250796 0.214301
0.225219 0.250802 0.214308
0.225233 0.250809 0.214314
0.225247 0.250817 0.214321
0.225262 0.250825 0.214329
0.225277 0.250834 0.214337
0.225294 0.250844 0.214346
0.225311 0.250854 0.214355
0.225328 0.250865 0.214366
0.225347 0.250877 0.214376
0.225366 0.250889 0.214388
0.225386 0.250902 0.2144
0.225407 0.250915 0.214413
0.225429 0.250929 0.214426
0.225452 0.250943 0.21444
0.225475 0.250958 0.214455
0.225499 0.250973 0.21447
0.225524 0.250989 0.214485
0.225549 0.251004 0.214501
0.225574 0.25102 0.214516
0.2256 0.251036 0.214532
0.225626 0.251052 0.214548
0.225652 0.251067 0.214564
0.225678 0.251083 0.214579
0.225703 0.251099 0.214595
0.225728 0.251114 0.21461
0.225753 0.251129 0.214625
0.225778 0.251144 0.214639
0.225801 0.251158 0.214653
0.225824 0.251172 0.214666
0.225846 0.251186 0.214679
0.225868 0.251199 0.214691
0.225888 0.251211 0.214702
0.225908 0.251223 0.214713
0.225926 0.251234 0.214723
0.225942 0.251243 0.214732
0.225957 0.251251 0.21474
0.225969 0.251258 0.214746
0.225978 0.251263 0.214751
0.225983 0.251266 0.214754
0.225985 0.251267 0.214755
0.225983 0.251267 0.214754
0.225977 0.251266 0.214751
0.225968 0.251263 0.214746
0.225955 0.251259 0.21474
0.225939 0.251254 0.214732
0.225922 0.251247 0.214722
0.225902 0.251239 0.214712
0.225882 0.251229 0.214701
0.225861 0.251218 0.214689
0.22584 0.251206 0.214677
0.22582 0.251192 0.214664
0.225801 0.251178 0.214653
0.225784 0.251163 0.214642
0.225769 0.251147 0.214631
0.225756 0.251132 0.214622
0.225745 0.251118 0.214614
0.225738 0.251105 0.214607
0.225733 0.251093 0.214602
0.22573 0.251083 0.214598
0.225729 0.251075 0.214595
0.225731 0.251069 0.214594
0.225734 0.251065 0.214594
0.225739 0.251064 0.214595
0.225745 0.251064 0.214598
0.225752 0.251067 0.214602
0.22576 0.251072 0.214608
0.225769 0.251078 0.214614
0.225778 0.251085 0.214621
0.225788 0.251094 0.214628
0.225797 0.251104 0.214636
0.225807 0.251115 0.214644
0.225816 0.251127 0.214652
0.225825 0.251138 0.21466
0.225834 0.25115 0.214667
0.225842 0.251162 0.214674
0.22585 0.251174 0.21468
0.225857 0.251185 0.214685
0.225863 0.251195 0.214689
0.225868 0.251204 0.214693
0.225873 0.251212 0.214695
0.225876 0.25122 0.214697
0.225879 0.251225 0.214698
0.22588 0.25123 0.214698
0.225881 0.251233 0.214698
0.225881 0.251234 0.214696
0.22588 0.251234 0.214695
0.225878 0.251233 0.214693
0.225875 0.25123 0.21469
0.225872 0.251226 0.214688
0.225869 0.251222 0.214685
0.225864 0.251216 0.214683
0.22586 0.251209 0.21468
0.225855 0.251202 0.214677
0.22585 0.251195 0.214674
0.225845 0.251187 0.214672
0.225841 0.251179 0.214669
0.225836 0.251172 0.214667
0.225831 0.251165 0.214664
0.225827 0.251158 0.214662
0.225823 0.251151 0.21466
0.225819 0.251146 0.214658
0.225815 0.251141 0.214656
0.225812 0.251137 0.214654
0.22581 0.251133 0.214652
0.225807 0.25113 0.214651
0.225806 0.251128 0.214649
0.225804 0.251127 0.214648
0.225803 0.251127 0.214647
0.225803 0.251127 0.214646
0.225803 0.251127 0.214646
0.225803 0.251128 0.214645
0.225803 0.25113 0.214645
0.225804 0.251131 0.214645
0.225805 0.251133 0.214645
0.225807 0.251136 0.214645
0.225808 0.251138 0.214646
0.22581 0.251141 0.214647
0.225812 0.251144 0.214648
0.225814 0.251147 0.214649
0.225816 0.25115 0.21465
0.225819 0.251153 0.214651
0.225821 0.251156 0.214653
0.225823 0.251159 0.214654
0.225825 0.251162 0.214656
0.225827 0.251165 0.214658
0.22583 0.251168 0.21466
0.225832 0.251171 0.214662
0.225834 0.251174 0.214664
0.225836 0.251177 0.214666
0.225838 0.251179 0.214667
0.225839 0.251181 0.214669
0.225841 0.251184 0.214671
0.225843 0.251185 0.214673
0.225844 0.251187 0.214675
0.225846 0.251188 0.214676
0.225847 0.251189 0.214677
0.225848 0.25119 0.214678
0.225849 0.25119 0.214679
0.225849 0.25119 0.214679
0.22585 0.251189 0.21468
0.22585 0.251188 0.214679
0.22585 0.251187 0.214679
0.225849 0.251186 0.214678
0.225849 0.251184 0.214677
0.225848 0.251182 0.214676
0.225846 0.251179 0.214675
0.225845 0.251177 0.214673
0.225843 0.251174 0.214671
0.22584 0.251171 0.214669
0.225838 0.251168 0.214667
0.225835 0.251165 0.214664
0.225832 0.251162 0.214662
0.225829 0.251159 0.21466
0.225826 0.251156 0.214657
0.225823 0.251153 0.214655
0.22582 0.25115 0.214653
0.225817 0.251148 0.214651
0.225814 0.251145 0.214649
0.225811 0.251143 0.214648
0.225809 0.251142 0.214646
0.225807 0.25114 0.214645
0.225805 0.251139 0.214645
0.225804 0.251138 0.214644
0.225804 0.251138 0.214644
0.225803 0.251138 0.214644
0.225804 0.251139 0.214645
0.225805 0.25114 0.214646
0.225806 0.251141 0.214647
0.225808 0.251143 0.214649
0.22581 0.251145 0.21465
0.225813 0.251148 0.214652
0.225816 0.251151 0.214654
0.225819 0.251154 0.214657
0.225822 0.251157 0.214659
0.225826 0.25116 0.214662
0.22583 0.251164 0.214664
0.225834 0.251167 0.214666
0.225837 0.251171 0.214669
0.225841 0.251174 0.214671
0.225844 0.251178 0.214673
0.225847 0.251181 0.214675
0.22585 0.251183 0.214676
0.225852 0.251186 0.214677
0.225854 0.251188 0.214678
0.225855 0.25119 0.214679
0.225856 0.251191 0.21468
0.225856 0.251191 0.21468
0.225856 0.251191 0.214679
0.225855 0.251191 0.214679
0.225854 0.25119 0.214678
0.225852 0.251189 0.214677
0.22585 0.251187 0.214675
0.225847 0.251185 0.214674
0.225844 0.251182 0.214672
0.225841 0.251179 0.21467
0.225838 0.251176 0.214668
0.225835 0.251172 0.214665
0.225831 0.251169 0.214663
0.225828 0.251165 0.214661
0.225824 0.251162 0.214659
0.225821 0.251158 0.214657
0.225818 0.251155 0.214655
0.225815 0.251151 0.214653
0.225813 0.251148 0.214651
0.225811 0.251146 0.21465
0.225809 0.251144 0.214648
0.225807 0.251142 0.214648
0.225806 0.25114 0.214647
0.225806 0.251139 0.214647
0.225806 0.251139 0.214646
0.225806 0.251139 0.214647
0.225807 0.251139 0.214647
0.225808 0.25114 0.214648
0.22581 0.251142 0.214649
0.225811 0.251143 0.21465
0.225814 0.251146 0.214651
0.225816 0.251148 0.214653
0.225818 0.251151 0.214655
0.225821 0.251154 0.214656
0.225824 0.251156 0.214658
0.225827 0.25116 0.21466
0.225829 0.251163 0.214662
0.225832 0.251166 0.214664
0.225835 0.251169 0.214666
0.225837 0.251171 0.214667
0.22584 0.251174 0.214669
0.225842 0.251176 0.21467
0.225844 0.251178 0.214672
0.225845 0.25118 0.214673
0.225846 0.251182 0.214674
0.225847 0.251183 0.214674
0.225848 0.251183 0.214675
0.225848 0.251184 0.214675
0.225848 0.251184 0.214675
0.225848 0.251184 0.214675
0.225847 0.251183 0.214674
0.225846 0.251182 0.214674
0.225845 0.251181 0.214673
0.225844 0.251179 0.214672
0.225842 0.251178 0.214671
0.22584 0.251176 0.21467
0.225838 0.251174 0.214668
0.225836 0.251172 0.214667
0.225834 0.25117 0.214666
0.225832 0.251167 0.214664
0.22583 0.251165 0.214663
0.225828 0.251163 0.214661
0.225826 0.251161 0.21466
0.225824 0.251159 0.214659
0.225822 0.251157 0.214658
0.225821 0.251156 0.214656
0.225819 0.251154 0.214655
0.225818 0.251153 0.214655
0.225817 0.251152 0.214654
0.225816 0.251151 0.214653
0.225816 0.251151 0.214653
0.225815 0.25115 0.214653
0.225815 0.25115 0.214652
0.225815 0.25115 0.214652
0.225816 0.25115 0.214653
0.225816 0.251151 0.214653
0.225817 0.251151 0.214653
0.225818 0.251152 0.214654
0.225819 0.251153 0.214655
0.22582 0.251154 0.214655
0.225821 0.251155 0.214656
0.225823 0.251157 0.214657
0.225824 0.251158 0.214658
0.225825 0.25116 0.214659
0.225827 0.251161 0.21466
0.225828 0.251162 0.214661
0.22583 0.251164 0.214662
0.225831 0.251165 0.214663
0.225832 0.251167 0.214664
0.225834 0.251168 0.214665
0.225835 0.251169 0.214666
0.225836 0.251171 0.214667
0.225837 0.251172 0.214667
0.225838 0.251172 0.214668
0.225838 0.251173 0.214669
0.225839 0.251174 0.214669
0.225839 0.251174 0.214669
0.22584 0.251175 0.214669
0.22584 0.251175 0.21467
0.22584 0.251175 0.21467
0.225839 0.251175 0.214669
0.225839 0.251174 0.214669
0.225839 0.251174 0.214669
0.225838 0.251173 0.214668
0.225837 0.251173 0.214668
0.225837 0.251172 0.214667
0.225836 0.251171 0.214667
0.225835 0.25117 0.214666
0.225834 0.251169 0.214665
0.225833 0.251168 0.214665
0.225832 0.251166 0.214664
0.225831 0.251165 0.214663
0.22583 0.251164 0.214662
0.225828 0.251163 0.214661
0.225827 0.251162 0.214661
0.225826 0.25116 0.21466
0.225825 0.251159 0.214659
0.225824 0.251158 0.214659
0.225824 0.251158 0.214658
0.225823 0.251157 0.214657
0.225822 0.251156 0.214657
0.225822 0.251156 0.214657
0.225821 0.251155 0.214656
0.225821 0.251155 0.214656
0.225821 0.251155 0.214656
0.225821 0.251155 0.214656
0.225821 0.251155 0.214656
0.225821 0.251155 0.214656
0.225821 0.251156 0.214657
0.225822 0.251156 0.214657
0.225822 0.251157 0.214657
0.225823 0.251158 0.214658
0.225824 0.251159 0.214658
0.225825 0.25116 0.214659
0.225826 0.251161 0.21466
0.225827 0.251162 0.21466
0.225828 0.251163 0.214661
0.225829 0.251164 0.214662
0.22583 0.251165 0.214662
0.225831 0.251166 0.214663
0.225831 0.251167 0.214664
0.225832 0.251168 0.214664
0.225833 0.251169 0.214665
0.225834 0.25117 0.214665
0.225835 0.25117 0.214666
0.225835 0.251171 0.214666
0.225836 0.251171 0.214667
0.225836 0.251172 0.214667
0.225836 0.251172 0.214667
0.225837 0.251172 0.214667
0.225837 0.251172 0.214667
0.225836 0.251171 0.214667
0.225836 0.251171 0.214667
0.225836 0.251171 0.214667
0.225835 0.25117 0.214666
0.225835 0.251169 0.214666
0.225834 0.251169 0.214665
0.225834 0.251168 0.214665
0.225833 0.251167 0.214664
0.225832 0.251166 0.214664
0.225831 0.251165 0.214663
0.22583 0.251164 0.214663
0.22583 0.251163 0.214662
0.225829 0.251163 0.214662
0.225828 0.251162 0.214661
0.225827 0.251161 0.214661
0.225827 0.25116 0.21466
0.225826 0.25116 0.21466
0.225825 0.251159 0.214659
0.225825 0.251159 0.214659
0.225824 0.251158 0.214659
0.225824 0.251158 0.214659
0.225824 0.251158 0.214658
0.225824 0.251158 0.214658
0.225824 0.251158 0.214658
0.225824 0.251158 0.214658
0.225824 0.251159 0.214659
0.225824 0.251159 0.214659
0.225825 0.251159 0.214659
0.225825 0.25116 0.214659
0.225826 0.251161 0.21466
0.225826 0.251161 0.21466
0.225827 0.251162 0.21466
0.225827 0.251163 0.214661
0.225828 0.251163 0.214661
0.225829 0.251164 0.214662
0.225829 0.251165 0.214662
0.22583 0.251165 0.214663
0.225831 0.251166 0.214663
0.225831 0.251167 0.214663
0.225832 0.251167 0.214664
0.225832 0.251167 0.214664
0.225832 0.251168 0.214664
0.225833 0.251168 0.214665
0.225833 0.251168 0.214665
0.225833 0.251169 0.214665
0.225833 0.251169 0.214665
0.225833 0.251169 0.214665
0.225833 0.251169 0.214665
0.225833 0.251168 0.214665
0.225833 0.251168 0.214665
0.225833 0.251168 0.214665
0.225832 0.251168 0.214664
0.225832 0.251167 0.214664
0.225832 0.251167 0.214664
0.225831 0.251166 0.214664
0.225831 0.251166 0.214663
0.22583 0.251165 0.214663
0.22583 0.251165 0.214663
0.225829 0.251164 0.214662
0.225829 0.251164 0.214662
0.225829 0.251163 0.214662
0.225828 0.251163 0.214661
0.225828 0.251162 0.214661
0.225827 0.251162 0.214661
0.225827 0.251161 0.214661
0.225827 0.251161 0.21466
0.225827 0.251161 0.21466
0.225827 0.251161 0.21466
0.225826 0.251161 0.21466
0.225826 0.251161 0.21466
0.225826 0.251161 0.21466
0.225826 0.251161 0.21466
0.225827 0.251161 0.21466
0.225827 0.251161 0.21466
0.225827 0.251161 0.21466
0.225827 0.251161 0.214661
0.225828 0.251162 0.214661
0.225828 0.251162 0.214661
0.225828 0.251162 0.214661
0.225828 0.251163 0.214662
0.225829 0.251163 0.214662
0.225829 0.251164 0.214662
0.22583 0.251164 0.214662
0.22583 0.251164 0.214662
0.22583 0.251165 0.214663
0.225831 0.251165 0.214663
0.225831 0.251166 0.214663
0.225831 0.251166 0.214663
0.225831 0.251166 0.214663
0.225831 0.251166 0.214664
0.225832 0.251167 0.214664
0.225832 0.251167 0.214664
0.225832 0.251167 0.214664
0.225832 0.251167 0.214664
0.225832 0.251167 0.214664
0.225832 0.251167 0.214664
0.225832 0.251167 0.214664
0.225831 0.251167 0.214664
0.225831 0.251167 0.214663
0.225831 0.251166 0.214663
0.225831 0.251166 0.214663
0.225831 0.251166 0.214663
0.22583 0.251166 0.214663
0.22583 0.251165 0.214663
0.22583 0.251165 0.214662
0.225829 0.251165 0.214662
0.225829 0.251164 0.214662
0.225829 0.251164 0.214662
0.225829 0.251164 0.214662
0.225828 0.251163 0.214661
0.225828 0.251163 0.214661
0.225828 0.251163 0.214661
0.225828 0.251162 0.214661
0.225828 0.251162 0.214661
0.225827 0.251162 0.214661
0.225827 0.251162 0.214661
0.225827 0.251162 0.214661
0.225827 0.251162 0.214661
0.225827 0.251162 0.214661
0.225827 0.251162 0.214661
0.225827 0.251162 0.214661
0.225827 0.251162 0.214661
0.225828 0.251162 0.214661
0.225828 0.251162 0.214661
0.225828 0.251162 0.214661
0.225828 0.251162 0.214661
0.225828 0.251163 0.214661
0.225829 0.251163 0.214662
0.225829 0.251163 0.214662
0.225829 0.251163 0.214662
0.225829 0.251164 0.214662
0.22583 0.251164 0.214662
0.22583 0.251164 0.214662
0.22583 0.251165 0.214663
0.22583 0.251165 0.214663
0.225831 0.251165 0.214663
0.225831 0.251165 0.214663
0.225831 0.251166 0.214663
0.225831 0.251166 0.214663
0.225831 0.251166 0.214663
0.225831 0.251166 0.214664
0.225831 0.251166 0.214664
0.225832 0.251166 0.214664
0.225832 0.251166 0.214664
0.225831 0.251166 0.214664
0.225831 0.251166 0.214664
0.225831 0.251166 0.214663
0.225831 0.251166 0.214663
0.225831 0.251166 0.214663
0.225831 0.251166 0.214663
0.225831 0.251166 0.214663
0.22583 0.251165 0.214663
0.22583 0.251165 0.214663
0.22583 0.251165 0.214663
0.22583 0.251165 0.214662
0.225829 0.251164 0.214662
0.225829 0.251164 0.214662
0.225829 0.251164 0.214662
0.225829 0.251163 0.214662
0.225828 0.251163 0.214661
0.225828 0.251163 0.214661
0.225828 0.251163 0.214661
0.225828 0.251163 0.214661
0.225828 0.251162 0.214661
0.225828 0.251162 0.214661
0.225827 0.251162 0.214661
0.225827 0.251162 0.214661
0.225827 0.251162 0.214661
0.225827 0.251162 0.214661
0.225827 0.251162 0.214661
0.225827 0.251162 0.214661
0.225828 0.251162 0.214661
0.225828 0.251162 0.214661
0.225828 0.251162 0.214661
0.225828 0.251163 0.214661
0.225828 0.251163 0.214661
0.225828 0.251163 0.214661
0.225829 0.251163 0.214662
0.225829 0.251163 0.214662
0.225829 0.251164 0.214662
0.225829 0.251164 0.214662
0.22583 0.251164 0.214662
0.22583 0.251164 0.214662
0.22583 0.251165 0.214663
0.22583 0.251165 0.214663
0.22583 0.251165 0.214663
0.225831 0.251165 0.214663
0.225831 0.251165 0.214663
0.225831 0.251165 0.214663
0.225831 0.251166 0.214663
0.225831 0.251166 0.214663
0.225831 0.251166 0.214663
0.225831 0.251166 0.214663
0.225831 0.251166 0.214663
0.225831 0.251166 0.214663
0.225831 0.251166 0.214663
0.225831 0.251166 0.214663
0.225831 0.251166 0.214663
0.225831 0.251165 0.214663
0.225831 0.251165 0.214663
0.22583 0.251165 0.214663
0.22583 0.251165 0.214663
0.22583 0.251165 0.214663
0.22583 0.251165 0.214663
0.22583 0.251164 0.214662
0.22583 0.251164 0.214662
0.225829 0.251164 0.214662
0.225829 0.251164 0.214662
0.225829 0.251164 0.214662
0.225829 0.251163 0.214662
0.225829 0.251163 0.214662
0.225828 0.251163 0.214662
0.225828 0.251163 0.214661
0.225828 0.251163 0.214661
0.225828 0.251163 0.214661
0.225828 0.251163 0.214661
0.225828 0.251163 0.214661
0.225828 0.251163 0.214661
0.225828 0.251163 0.214661
0.225828 0.251163 0.214661
0.225828 0.251163 0.214661
0.225828 0.251163 0.214661
0.225828 0.251163 0.214661
0.225828 0.251163 0.214661
0.225828 0.251163 0.214661
0.225828 0.251163 0.214661
0.225829 0.251163 0.214662
0.225829 0.251164 0.214662
0.225829 0.251164 0.214662
0.225829 0.251164 0.214662
0.225829 0.251164 0.214662
0.225829 0.251164 0.214662
0.225829 0.251164 0.214662
0.22583 0.251164 0.214662
0.22583 0.251165 0.214662
0.22583 0.251165 0.214662
0.22583 0.251165 0.214663
0.22583 0.251165 0.214663
0.22583 0.251165 0.214663
0.22583 0.251165 0.214663
0.22583 0.251165 0.214663
0.22583 0.251165 0.214663
0.22583 0.251165 0.214663
0.22583 0.251165 0.214663
0.22583 0.251165 0.214663
0.22583 0.251165 0.214663
0.22583 0.251165 0.214663
0.22583 0.251165 0.214663
0.22583 0.251165 0.214663
0.22583 0.251165 0.214663
0.22583 0.251165 0.214663
0.22583 0.251165 0.214663
0.22583 0.251165 0.214663
0.22583 0.251164 0.214662
0.22583 0.251164 0.214662
0.22583 0.251164 0.214662
0.225829 0.251164 0.214662
0.225829 0.251164 0.214662
0.225829 0.251164 0.214662
0.225829 0.251164 0.214662
0.225829 0.251164 0.214662
0.225829 0.251164 0.214662
0.225829 0.251164 0.214662
0.225829 0.251163 0.214662
0.225829 0.251163 0.214662
0.225829 0.251163 0.214662
0.225829 0.251163 0.214662
0.225829 0.251163 0.214662
0.225829 0.251163 0.214662
0.225829 0.251163 0.214662
0.225829 0.251163 0.214662
0.225829 0.251163 0.214662
0.225829 0.251163 0.214662
0.225829 0.251163 0.214662
0.225829 0.251164 0.214662
0.225829 0.251164 0.214662
0.225829 0.251164 0.214662
0.225829 0.251164 0.214662
0.225829 0.251164 0.214662
0.225829 0.251164 0.214662
0.225829 0.251164 0.214662
0.225829 0.251164 0.214662
0.225829 0.251164 0.214662
0.225829 0.251164 0.214662
0.225829 0.251164 0.214662
0.22583 0.251164 0.214662
0.22583 0.251164 0.214662
0.22583 0.251164 0.214662
0.22583 0.251165 0.214662
0.22583 0.251165 0.214662
0.22583 0.251165 0.214662
0.22583 0.251165 0.214662
0.22583 0.251165 0.214662
0.22583 0.251165 0.214662
0.22583 0.251165 0.214662
0.22583 0.251165 0.214662
0.22583 0.251165 0.214662
0.22583 0.251165 0.214662
0.22583 0.251164 0.214662
0.22583 0.251164 0.214662
0.22583 0.251164 0.214662
0.22583 0.251164 0.214662
0.22583 0.251164 0.214662
0.22583 0.251164 0.214662
0.225829 0.251164 0.214662
0.225829 0.251164 0.214662
0.225829 0.251164 0.214662
0.225829 0.251164 0.214662
0.225829 0.251164 0.214662
0.225829 0.251164 0.214662
0.225829 0.251164 0.214662
0.225829 0.251164 0.214662
0.225829 0.251164 0.214662
0.225829 0.251164 0.214662
0.225829 0.251164 0.214662
0.225829 0.251164 0.214662
0.225829 0.251164 0.214662
0.225829 0.251164 0.214662
0.225829 0.251164 0.214662
0.225829 0.251164 0.214662
0.225829 0.251164 0.214662
0.225829 0.251164 0.214662
0.225829 0.251164 0.214662
0.225829 0.251164 0.214662
0.225829 0.251164 0.214662
0.225829 0.251164 0.214662
0.225829 0.251164 0.214662
0.225829 0.251164 0.214662
0.225829 0.251164 0.214662
0.225829 0.251164 0.214662
0.225829 0.251164 0.214662
0.225829 0.251164 0.214662
0.225829 0.251164 0.214662
0.22583 0.251164 0.214662
0.22583 0.251164 0.214662
0.22583 0.251164 0.214662
0.22583 0.251164 0.214662
0.22583 0.251164 0.214662
0.22583 0.251164 0.214662
0.22583 0.251164 0.214662
0.22583 0.251164 0.214662
0.22583 0.251164 0.214662
0.22583 0.251164 0.214662
0.22583 0.251164 0.214662
0.22583 0.251164 0.214662
0.22583 0.251164 0.214662
0.225829 0.251164 0.214662
0.225829 0.251164 0.214662
0.225829 0.251164 0.214662
0.225829 0.251164 0.214662
0.225829 0.251164 0.214662
0.225829 0.251164 0.214662
0.225829 0.251164 0.214662
0.225829 0.251164 0.214662
0.225829 0.251164 0.214662
0.225829 0.251164 0.214662
0.225829 0.251164 0.214662
0.225829 0.251164 0.214662
0.225829 0.251164 0.214662
0.225829 0.251164 0.214662
0.225829 0.251164 0.214662
0.225829 0.251164 0.214662
0.225829 0.251164 0.214662
0.225829 0.251164 0.214662
0.225829 0.251164 0.214662
0.225829 0.251164 0.214662
0.225829 0.251164 0.214662
0.225829 0.251164 0.214662
0.225829 0.251164 0.214662
0.225829 0.251164 0.214662
0.225829 0.251164 0.214662
0.225829 0.251164 0.214662
0.225829 0.251164 0.214662
0.225829 0.251164 0.214662
0.225829 0.251164 0.214662
0.225829 0.251164 0.214662
0.225829 0.251164 0.214662
0.225829 0.251164 0.214662
0.22583 0.251164 0.214662
0.22583 0.251164 0.214662
0.22583 0.251164 0.214662
0.22583 0.251164 0.214662
0.22583 0.251164 0.214662
0.22583 0.251164 0.214662
0.22583 0.251164 0.214662
0.22583 0.251164 0.214662
0.22583 0.251164 0.214662
0.22583 0.251164 0.214662
0.22583 0.251164 0.214662
0.22583 0.251164 0.214662
0.22583 0.251164 0.214662
0.22583 0.251164 0.214662
0.22583 0.251164 0.214662
0.22583 0.251164 0.214662
0.225829 0.251164 0.214662
0.225829 0.251164 0.214662
0.225829 0.251164 0.214662
0.225829 0.251164 0.214662
0.225829 0.251164 0.214662
0.225829 0.251164 0.214662
0.225829 0.251164 0.214662
0.225829 0.251164 0.214662
0.225829 0.251164 0.214662
0.225829 0.251164 0.214662
0.225829 0.251164 0.214662
0.225829 0.251164 0.214662
0.225829 0.251164 0.214662
0.225829 0.251164 0.214662
0.225829 0.251164 0.214662
0.225829 0.251164 0.214662
0.225829 0.251164 0.214662
0.225829 0.251164 0.214662
0.225829 0.251164 0.214662
0.225829 0.251164 0.214662
0.225829 0.251164 0.214662
0.225829 0.251164 0.214662
0.225829 0.251164 0.214662
0.225829 0.251164 0.214662
0.225829 0.251164 0.214662
0.225829 0.251164 0.214662
0.225829 0.251164 0.214662
0.225829 0.251164 0.214662
0.225829 0.251164 0.214662
0.225829 0.251164 0.214662
0.225829 0.251164 0.214662
0.225829 0.251164 0.214662
0.225829 0.251164 0.214662
0.225829 0.251164 0.214662
0.225829 0.251164 0.214662
0.22583 0.251164 0.214662
0.22583 0.251164 0.214662
0.22583 0.251164 0.214662
0.22583 0.251164 0.214662
0.22583 0.251164 0.214662
0.22583 0.251164 0.214662
0.22583 0.251164 0.214662
0.22583 0.251164 0.214662
0.22583 0.251164 0.214662
0.22583 0.251164 0.214662
0.22583 0.251164 0.214662
0.22583 0.251164 0.214662
0.22583 0.251164 0.214662
0.22583 0.251164 0.214662
0.22583 0.251164 0.214662
0.22583 0.251164 0.214662
0.22583 0.251164 0.214662
0.225829 0.251164 0.214662
0.225829 0.251164 0.214662
0.225829 0.251164 0.214662
0.225829 0.251164 0.214662
0.225829 0.251164 0.214662
0.225829 0.251164 0.214662
0.225829 0.251164 0.214662
0.225829 0.251164 0.214662
0.225829 0.251164 0.214662
0.225829 0.251164 0.214662
0.225829 0.251164 0.214662
0.225829 0.251164 0.214662
0.225829 0.251164 0.214662
0.225829 0.251164 0.214662
0.225829 0.251164 0.214662
0.225829 0.251164 0.214662
0.225829 0.251164 0.214662
0.225829 0.251164 0.214662
0.225829 0.251164 0.214662
0.225829 0.251164 0.214662
0.225829 0.251164 0.214662
0.225829 0.251164 0.214662
0.225829 0.251164 0.214662
0.225829 0.251164 0.214662
0.225829 0.251164 0.214662
0.225829 0.251164 0.214662
0.225829 0.251164 0.214662
0.225829 0.251164 0.214662
0.225829 0.251164 0.214662
0.225829 0.251164 0.214662
0.225829 0.251164 0.214662
0.225829 0.251164 0.214662
0.225829 0.251164 0.214662
0.225829 0.251164 0.214662
0.225829 0.251164 0.214662
0.225829 0.251164 0.214662
0.225829 0.251164 0.214662
0.225829 0.251164 0.214662
0.225829 0.251164 0.214662
0.22583 0.251164 0.214662
0.22583 0.251164 0.214662
0.22583 0.251164 0.214662
0.22583 0.251164 0.214662
0.22583 0.251164 0.214662
0.22583 0.251164 0.214662
0.22583 0.251164 0.214662
0.22583 0.251164 0.214662
0.22583 0.251164 0.214662
0.22583 0.251164 0.214662
0.22583 0.251164 0.214662
0.225829 0.251164 0.214662
0.225829 0.251164 0.214662
0.225829 0.251164 0.214662
0.225829 0.251164 0.214662
0.225829 0.251164 0.214662
0.225829 0.251164 0.214662
0.225829 0.251164 0.214662
0.225829 0.251164 0.214662
0.225829 0.251164 0.214662
0.225829 0.251164 0.214662
0.225829 0.251164 0.214662
0.225829 0.251164 0.214662
0.225829 0.251164 0.214662
0.225829 0.251164 0.214662
0.225829 0.251164 0.214662
0.225829 0.251164 0.214662
0.225829 0.251164 0.214662
0.225829 0.251164 0.214662
0.225829 0.251164 0.214662
0.225829 0.251164 0.214662
0.225829 0.251164 0.214662
0.225829 0.251164 0.214662
0.225829 0.251164 0.214662
0.225829 0.251164 0.214662
0.225829 0.251164 0.214662
0.225829 0.251164 0.214662
0.225829 0.251164 0.214662
0.225829 0.251164 0.214662
0.225829 0.251164 0.214662
0.225829 0.251164 0.214662
0.225829 0.251164 0.214662
0.225829 0.251164 0.214662
0.225829 0.251164 0.214662
0.225829 0.251164 0.214662
0.225829 0.251164 0.214662
0.225829 0.251164 0.214662
0.225829 0.251164 0.214662
0.225829 0.251164 0.214662
0.225829 0.251164 0.214662
0.225829 0.251164 0.214662
0.225829 0.251164 0.214662
0.225829 0.251164 0.214662
0.225829 0.251164 0.214662
0.225829 0.251164 0.214662
0.225829 0.251164 0.214662
0.225829 0.251164 0.214662
0.225829 0.251164 0.214662
0.225829 0.251164 0.214662
0.225829 0.251164 0.214662
0.225829 0.251164 0.214662
0.225829 0.251164 0.214662
0.225829 0.251164 0.214662
0.225829 0.251164 0.214662
0.225829 0.251164 0.214662
0.225829 0.251164 0.214662
0.225829 0.251164 0.214662
0.225829 0.251164 0.214662
0.225829 0.251164 0.214662
0.225829 0.251164 0.214662
0.225829 0.251164 0.214662
0.225829 0.251164 0.214662
0.225829 0.251164 0.214662
0.225829 0.251164 0.214662
0.225829 0.251164 0.214662
0.225829 0.251164 0.214662
0.225829 0.251164 0.214662
0.225829 0.251164 0.214662
0.225829 0.251164 0.214662
0.225829 0.251164 0.214662
0.225829 0.251164 0.214662
0.225829 0.251164 0.214662
0.225829 0.251164 0.214662
0.225829 0.251164 0.214662
0.225829 0.251164 0.214662
0.225829 0.251164 0.214662
0.225829 0.251164 0.214662
0.225829 0.251164 0.214662
0.225829 0.251164 0.214662
0.225829 0.251164 0.214662
0.225829 0.251164 0.214662
0.225829 0.251164 0.214662
0.225829 0.251164 0.214662
0.225829 0.251164 0.214662
0.225829 0.251164 0.214662
0.225829 0.251164 0.214662
0.225829 0.251164 0.214662
0.225829 0.251164 0.214662
0.225829 0.251164 0.214662
0.225829 0.251164 0.214662
0.225829 0.251164 0.214662
0.225829 0.251164 0.214662
0.225829 0.251164 0.214662
0.225829 0.251164 0.214662
0.225829 0.251164 0.214662
0.225829 0.251164 0.214662
0.225829 0.251164 0.214662
0.225829 0.251164 0.214662
0.225829 0.251164 0.214662
0.225829 0.251164 0.214662
0.225829 0.251164 0.214662
0.225829 0.251164 0.214662
0.225829 0.251164 0.214662
0.225829 0.251164 0.214662
0.225829 0.251164 0.214662
0.225829 0.251164 0.214662
0.225829 0.251164 0.214662
0.225829 0.251164 0.214662
0.225829 0.251164 0.214662
0.225829 0.251164 0.214662
0.225829 0.251164 0.214662
0.225829 0.251164 0.214662
0.225829 0.251164 0.214662
0.225829 0.251164 0.214662
0.225829 0.251164 0.214662
0.225829 0.251164 0.214662
0.225829 0.251164 0.214662
0.225829 0.251164 0.214662
0.225829 0.251164 0.214662
0.225829 0.251164 0.214662
0.225829 0.251164 0.214662
0.225829 0.251164 0.214662
0.225829 0.251164 0.214662
0.225829 0.251164 0.214662
0.225829 0.251164 0.214662
0.225829 0.251164 0.214662
0.225829 0.251164 0.214662
0.225829 0.251164 0.214662
0.225829 0.251164 0.214662
0.225829 0.251164 0.214662
0.225829 0.251164 0.214662
0.225829 0.251164 0.214662
0.225829 0.251164 0.214662
0.225829 0.251164 0.214662
0.225829 0.251164 0.214662
0.225829 0.251164 0.214662
0.225829 0.251164 0.214662
0.225829 0.251164 0.214662
0.225829 0.251164 0.214662
0.225829 0.251164 0.214662
0.225829 0.251164 0.214662
0.225829 0.251164 0.214662
0.225829 0.251164 0.214662
0.225829 0.251164 0.214662
0.225829 0.251164 0.214662
0.225829 0.251164 0.214662
0.225829 0.251164 0.214662
0.225829 0.251164 0.214662
0.225829 0.251164 0.214662
0.225829 0.251164 0.214662
0.225829 0.251164 0.214662
0.225829 0.251164 0.214662
0.225829 0.251164 0.214662
0.225829 0.251164 0.214662
0.225829 0.251164 0.214662
0.225829 0.251164 0.214662
0.225829 0.251164 0.214662
0.225829 0.251164 0.214662
0.225829 0.251164 0.214662
0.225829 0.251164 0.214662
0.225829 0.251164 0.214662
0.225829 0.251164 0.214662
0.225829 0.251164 0.214662
0.225829 0.251164 0.214662
0.225829 0.251164 0.214662
0.225829 0.251164 0.214662
0.225829 0.251164 0.214662
0.225829 0.251164 0.214662
0.225829 0.251164 0.214662
0.225829 0.251164 0.214662
0.225829 0.251164 0.214662
0.225829 0.251164 0.214662
0.225829 0.251164 0.214662
0.225829 0.251164 0.214662
0.225829 0.251164 0.214662
0.225829 0.251164 0.214662
0.225829 0.251164 0.214662
0.225829 0.251164 0.214662
0.225829 0.251164 0.214662
0.225829 0.251164 0.214662
0.225829 0.251164 0.214662
0.225829 0.251164 0.214662
0.225829 0.251164 0.214662
0.225829 0.251164 0.214662
0.225829 0.251164 0.214662
0.225829 0.251164 0.214662
0.225829 0.251164 0.214662
0.225829 0.251164 0.214662
0.225829 0.251164 0.214662
0.225829 0.251164 0.214662
0.225829 0.251164 0.214662
0.225829 0.251164 0.214662
0.225829 0.251164 0.214662
0.225829 0.251164 0.214662
0.225829 0.251164 0.214662
0.225829 0.251164 0.214662
0.225829 0.251164 0.214662
0.225829 0.251164 0.214662
0.225829 0.251164 0.214662
0.225829 0.251164 0.214662
0.225829 0.251164 0.214662
0.225829 0.251164 0.214662
0.225829 0.251164 0.214662
0.225829 0.251164 0.214662
0.225829 0.251164 0.214662
0.225829 0.251164 0.214662
0.225829 0.251164 0.214662
0.225829 0.251164 0.214662
0.225829 0.251164 0.214662
0.225829 0.251164 0.214662
0.225829 0.251164 0.214662
0.225829 0.251164 0.214662
0.225829 0.251164 0.214662
0.225829 0.251164 0.214662
0.225829 0.251164 0.214662
0.225829 0.251164 0.214662
0.225829 0.251164 0.214662
0.225829 0.251164 0.214662
0.225829 0.251164 0.214662
0.225829 0.251164 0.214662
0.225829 0.251164 0.214662
0.225829 0.251164 0.214662
0.225829 0.251164 0.214662
0.225829 0.251164 0.214662
0.225829 0.251164 0.214662
0.225829 0.251164 0.214662
0.225829 0.251164 0.214662
0.225829 0.251164 0.214662
0.225829 0.251164 0.214662
0.225829 0.251164 0.214662
0.225829 0.251164 0.214662
0.225829 0.251164 0.214662
0.225829 0.251164 0.214662
0.225829 0.251164 0.214662
0.225829 0.251164 0.214662
0.225829 0.251164 0.214662
0.225829 0.251164 0.214662
0.225829 0.251164 0.214662
0.225829 0.251164 0.214662
0.225829 0.251164 0.214662
0.225829 0.251164 0.214662
0.225829 0.251164 0.214662
0.225829 0.251164 0.214662
0.225829 0.251164 0.214662
0.225829 0.251164 0.214662
0.225829 0.251164 0.214662
0.225829 0.251164 0.214662
0.225829 0.251164 0.214662
0.225829 0.251164 0.214662
0.225829 0.251164 0.214662
0.225829 0.251164 0.214662
0.225829 0.251164 0.214662
0.225829 0.251164 0.214662
0.225829 0.251164 0.214662
0.225829 0.251164 0.214662
0.225829 0.251164 0.214662
0.225829 0.251164 0.214662
0.225829 0.251164 0.214662
0.225829 0.251164 0.214662
0.225829 0.251164 0.214662
0.225829 0.251164 0.214662
0.225829 0.251164 0.214662
0.225829 0.251164 0.214662
0.225829 0.251164 0.214662
0.225829 0.251164 0.214662
0.225829 0.251164 0.214662
0.225829 0.251164 0.214662
0.225829 0.251164 0.214662
0.225829 0.251164 0.214662
0.225829 0.251164 0.214662
0.225829 0.251164 0.214662
0.225829 0.251164 0.214662
0.225829 0.251164 0.214662
0.225829 0.251164 0.214662
0.225829 0.251164 0.214662
0.225829 0.251164 0.214662
0.225829 0.251164 0.214662
0.225829 0.251164 0.214662
0.225829 0.251164 0.214662
0.225829 0.251164 0.214662
0.225829 0.251164 0.214662
0.225829 0.251164 0.214662
0.225829 0.251164 0.214662
0.225829 0.251164 0.214662
0.225829 0.251164 0.214662
0.225829 0.251164 0.214662
0.225829 0.251164 0.214662
0.225829 0.251164 0.214662
0.225829 0.251164 0.214662
0.225829 0.251164 0.214662
0.225829 0.251164 0.214662
0.225829 0.251164 0.214662
0.225829 0.251164 0.214662
0.225829 0.251164 0.214662
0.225829 0.251164 0.214662
0.225829 0.251164 0.214662
0.225829 0.251164 0.214662
0.225829 0.251164 0.214662
0.225829 0.251164 0.214662
0.225829 0.251164 0.214662
0.225829 0.251164 0.214662
0.225829 0.251164 0.214662
0.225829 0.251164 0.214662
0.225829 0.251164 0.214662
0.225829 0.251164 0.214662
0.225829 0.251164 0.214662
0.225829 0.251164 0.214662
0.225829 0.251164 0.214662
0.225829 0.251164 0.214662
0.225829 0.251164 0.214662
0.225829 0.251164 0.214662
0.225829 0.251164 0.214662
0.225829 0.251164 0.214662
0.225829 0.251164 0.214662
0.225829 0.251164 0.214662
0.225829 0.251164 0.214662
0.225829 0.251164 0.214662
0.225829 0.251164 0.214662
0.225829 0.251164 0.214662
0.225829 0.251164 0.214662
0.225829 0.251164 0.214662
0.225829 0.251164 0.214662
0.225829 0.251164 0.214662
0.225829 0.251164 0.214662
0.225829 0.251164 0.214662
0.225829 0.251164 0.214662
0.225829 0.251164 0.214662
0.225829 0.251164 0.214662
0.225829 0.251164 0.214662
0.225829 0.251164 0.214662
0.225829 0.251164 0.214662
0.225829 0.251164 0.214662
0.225829 0.251164 0.214662
0.225829 0.251164 0.214662
0.225829 0.251164 0.214662
0.225829 0.251164 0.214662
0.225829 0.251164 0.214662
0.225829 0.251164 0.214662
0.225829 0.251164 0.214662
0.225829 0.251164 0.214662
0.225829 0.251164 0.214662
0.225829 0.251164 0.214662
0.225829 0.251164 0.214662
0.225829 0.251164 0.214662
0.225829 0.251164 0.214662
0.225829 0.251164 0.214662
0.225829 0.251164 0.214662
0.225829 0.251164 0.214662
0.225829 0.251164 0.214662
0.225829 0.251164 0.214662
0.225829 0.251164 0.214662
0.225829 0.251164 0.214662
0.225829 0.251164 0.214662
0.225829 0.251164 0.214662
0.225829 0.251164 0.214662
0.225829 0.251164 0.214662
0.225829 0.251164 0.214662
0.225829 0.251164 0.214662
0.225829 0.251164 0.214662
0.225829 0.251164 0.214662
0.225829 0.251164 0.214662
0.225829 0.251164 0.214662
0.225829 0.251164 0.214662
0.225829 0.251164 0.214662
0.225829 0.251164 0.214662
0.225829 0.251164 0.214662
0.225829 0.251164 0.214662
0.225829 0.251164 0.214662
0.225829 0.251164 0.214662
0.225829 0.251164 0.214662
0.225829 0.251164 0.214662
0.225829 0.251164 0.214662
0.225829 0.251164 0.214662
0.225829 0.251164 0.214662
0.225829 0.251164 0.214662
0.225829 0.251164 0.214662
0.225829 0.251164 0.214662
0.225829 0.251164 0.214662
0.225829 0.251164 0.214662
0.225829 0.251164 0.214662
0.225829 0.251164 0.214662
0.225829 0.251164 0.214662
0.225829 0.251164 0.214662
0.225829 0.251164 0.214662
0.225829 0.251164 0.214662
0.225829 0.251164 0.214662
0.225829 0.251164 0.214662
0.225829 0.251164 0.214662
0.225829 0.251164 0.214662
0.225829 0.251164 0.214662
0.225829 0.251164 0.214662
0.225829 0.251164 0.214662
0.225829 0.251164 0.214662
0.225829 0.251164 0.214662
0.225829 0.251164 0.214662
0.225829 0.251164 0.214662
0.225829 0.251164 0.214662
0.225829 0.251164 0.214662
0.225829 0.251164 0.214662
0.225829 0.251164 0.214662
0.225829 0.251164 0.214662
0.225829 0.251164 0.214662
0.225829 0.251164 0.214662
0.225829 0.251164 0.214662
0.225829 0.251164 0.214662
0.225829 0.251164 0.214662
0.225829 0.251164 0.214662
0.225829 0.251164 0.214662
0.225829 0.251164 0.214662
0.225829 0.251164 0.214662
0.225829 0.251164 0.214662
0.225829 0.251164 0.214662
0.225829 0.251164 0.214662
0.225829 0.251164 0.214662
0.225829 0.251164 0.214662
0.225829 0.251164 0.214662
0.225829 0.251164 0.214662
0.225829 0.251164 0.214662
0.225829 0.251164 0.214662
0.225829 0.251164 0.214662
0.225829 0.251164 0.214662
0.225829 0.251164 0.214662
0.225829 0.251164 0.214662
0.225829 0.251164 0.214662
0.225829 0.251164 0.214662
0.225829 0.251164 0.214662
0.225829 0.251164 0.214662
0.225829 0.251164 0.214662
0.225829 0.251164 0.214662
0.225829 0.251164 0.214662
0.225829 0.251164 0.214662
0.225829 0.251164 0.214662
0.225829 0.251164 0.214662
0.225829 0.251164 0.214662
0.225829 0.251164 0.214662
0.225829 0.251164 0.214662
0.225829 0.251164 0.214662
0.225829 0.251164 0.214662
0.225829 0.251164 0.214662
0.225829 0.251164 0.214662
0.225829 0.251164 0.214662
0.225829 0.251164 0.214662
0.225829 0.251164 0.214662
0.225829 0.251164 0.214662
0.225829 0.251164 0.214662
0.225829 0.251164 0.214662
0.225829 0.251164 0.214662
0.225829 0.251164 0.214662
0.225829 0.251164 0.214662
0.225829 0.251164 0.214662
0.225829 0.251164 0.214662
0.225829 0.251164 0.214662
0.225829 0.251164 0.214662
0.225829 0.251164 0.214662
0.225829 0.251164 0.214662
0.225829 0.251164 0.214662
0.225829 0.251164 0.214662
0.225829 0.251164 0.214662
0.225829 0.251164 0.214662
0.225829 0.251164 0.214662
0.225829 0.251164 0.214662
0.225829 0.251164 0.214662
0.225829 0.251164 0.214662
0.225829 0.251164 0.214662
0.225829 0.251164 0.214662
0.225829 0.251164 0.214662
0.225829 0.251164 0.214662
0.225829 0.251164 0.214662
0.225829 0.251164 0.214662
0.225829 0.251164 0.214662
0.225829 0.251164 0.214662
0.225829 0.251164 0.214662
0.225829 0.251164 0.214662
0.225829 0.251164 0.214662
0.225829 0.251164 0.214662
0.225829 0.251164 0.214662
0.225829 0.251164 0.214662
0.225829 0.251164 0.214662
0.225829 0.251164 0.214662
0.225829 0.251164 0.214662
0.225829 0.251164 0.214662
0.225829 0.251164 0.214662
0.225829 0.251164 0.214662
0.225829 0.251164 0.214662
0.225829 0.251164 0.214662
0.225829 0.251164 0.214662
0.225829 0.251164 0.214662
0.225829 0.251164 0.214662
0.225829 0.251164 0.214662
0.225829 0.251164 0.214662
0.225829 0.251164 0.214662
0.225829 0.251164 0.214662
0.225829 0.251164 0.214662
0.225829 0.251164 0.214662
0.225829 0.251164 0.214662
0.225829 0.251164 0.214662
0.225829 0.251164 0.214662
0.225829 0.251164 0.214662
0.225829 0.251164 0.214662
0.225829 0.251164 0.214662
0.225829 0.251164 0.214662
0.225829 0.251164 0.214662
0.225829 0.251164 0.214662
0.225829 0.251164 0.214662
0.225829 0.251164 0.214662
0.225829 0.251164 0.214662
0.225829 0.251164 0.214662
0.225829 0.251164 0.214662
0.225829 0.251164 0.214662
0.225829 0.251164 0.214662
0.225829 0.251164 0.214662
0.225829 0.251164 0.214662
0.225829 0.251164 0.214662
0.225829 0.251164 0.214662
0.225829 0.251164 0.214662
0.225829 0.251164 0.214662
0.225829 0.251164 0.214662
0.225829 0.251164 0.214662
0.225829 0.251164 0.214662
0.225829 0.251164 0.214662
0.225829 0.251164 0.214662
0.225829 0.251164 0.214662
0.225829 0.251164 0.214662
0.225829 0.251164 0.214662
0.225829 0.251164 0.214662
0.225829 0.251164 0.214662
0.225829 0.251164 0.214662
0.225829 0.251164 0.214662
0.225829 0.251164 0.214662
0.225829 0.251164 0.214662
0.225829 0.251164 0.214662
0.225829 0.251164 0.214662
0.225829 0.251164 0.214662
0.225829 0.251164 0.214662
0.225829 0.251164 0.214662
0.225829 0.251164 0.214662
0.225829 0.251164 0.214662
0.225829 0.251164 0.214662
0.225829 0.251164 0.214662
0.225829 0.251164 0.214662
0.225829 0.251164 0.214662
0.225829 0.251164 0.214662
0.225829 0.251164 0.214662
0.225829 0.251164 0.214662
0.225829 0.251164 0.214662
0.225829 0.251164 0.214662
0.225829 0.251164 0.214662
0.225829 0.251164 0.214662
0.225829 0.251164 0.214662
0.225829 0.251164 0.214662
0.225829 0.251164 0.214662
0.225829 0.251164 0.214662
0.225829 0.251164 0.214662
0.225829 0.251164 0.214662
0.225829 0.251164 0.214662
0.225829 0.251164 0.214662
0.225829 0.251164 0.214662
0.225829 0.251164 0.214662
0.225829 0.251164 0.214662
0.225829 0.251164 0.214662
0.225829 0.251164 0.214662
0.225829 0.251164 0.214662
0.225829 0.251164 0.214662
0.225829 0.251164 0.214662
0.225829 0.251164 0.214662
0.225829 0.251164 0.214662
0.225829 0.251164 0.214662
0.225829 0.251164 0.214662
0.225829 0.251164 0.214662
0.225829 0.251164 0.214662
0.225829 0.251164 0.214662
0.225829 0.251164 0.214662
0.225829 0.251164 0.214662
0.225829 0.251164 0.214662
0.225829 0.251164 0.214662
0.225829 0.251164 0.214662
0.225829 0.251164 0.214662
0.225829 0.251164 0.214662
0.225829 0.251164 0.214662
0.225829 0.251164 0.214662
0.225829 0.251164 0.214662
0.225829 0.251164 0.214662
0.225829 0.251164 0.214662
0.225829 0.251164 0.214662
0.225829 0.251164 0.214662
0.225829 0.251164 0.214662
0.225829 0.251164 0.214662
0.225829 0.251164 0.214662
0.225829 0.251164 0.214662
0.225829 0.251164 0.214662
0.225829 0.251164 0.214662
0.225829 0.251164 0.214662
0.225829 0.251164 0.214662
0.225829 0.251164 0.214662
0.225829 0.251164 0.214662
0.225829 0.251164 0.214662
0.225829 0.251164 0.214662
0.225829 0.251164 0.214662
0.225829 0.251164 0.214662
0.225829 0.251164 0.214662
0.225829 0.251164 0.214662
0.225829 0.251164 0.214662
0.225829 0.251164 0.214662
0.225829 0.251164 0.214662
0.225829 0.251164 0.214662
0.225829 0.251164 0.214662
0.225829 0.251164 0.214662
0.225829 0.251164 0.214662
0.225829 0.251164 0.214662
0.225829 0.251164 0.214662
0.225829 0.251164 0.214662
0.225829 0.251164 0.214662
0.225829 0.251164 0.214662
0.225829 0.251164 0.214662
0.225829 0.251164 0.214662
0.225829 0.251164 0.214662
0.225829 0.251164 0.214662
0.225829 0.251164 0.214662
0.225829 0.251164 0.214662
0.225829 0.251164 0.214662
0.225829 0.251164 0.214662
0.225829 0.251164 0.214662
0.225829 0.251164 0.214662
0.225829 0.251164 0.214662
0.225829 0.251164 0.214662
0.225829 0.251164 0.214662
0.225829 0.251164 0.214662
0.225829 0.251164 0.214662
0.225829 0.251164 0.214662
0.225829 0.251164 0.214662
0.225829 0.251164 0.214662
0.225829 0.251164 0.214662
0.225829 0.251164 0.214662
0.225829 0.251164 0.214662
0.225829 0.251164 0.214662
0.225829 0.251164 0.214662
0.225829 0.251164 0.214662
0.225829 0.251164 0.214662
0.225829 0.251164 0.214662
0.225829 0.251164 0.214662
0.225829 0.251164 0.214662
0.225829 0.251164 0.214662
0.225829 0.251164 0.214662
0.225829 0.251164 0.214662
0.225829 0.251164 0.214662
0.225829 0.251164 0.214662
0.225829 0.251164 0.214662
0.225829 0.251164 0.214662
0.225829 0.251164 0.214662
0.225829 0.251164 0.214662
0.225829 0.251164 0.214662
0.225829 0.251164 0.214662
0.225829 0.251164 0.214662
0.225829 0.251164 0.214662
0.225829 0.251164 0.214662
0.225829 0.251164 0.214662
0.225829 0.251164 0.214662
0.225829 0.251164 0.214662
0.225829 0.251164 0.214662
0.225829 0.251164 0.214662
0.225829 0.251164 0.214662
0.225829 0.251164 0.214662
0.225829 0.251164 0.214662
0.225829 0.251164 0.214662
0.225829 0.251164 0.214662
0.225829 0.251164 0.214662
0.225829 0.251164 0.214662
0.225829 0.251164 0.214662
0.225829 0.251164 0.214662
0.225829 0.251164 0.214662
0.225829 0.251164 0.214662
0.225829 0.251164 0.214662
0.225829 0.251164 0.214662
0.225829 0.251164 0.214662
0.225829 0.251164 0.214662
0.225829 0.251164 0.214662
0.225829 0.251164 0.214662
0.225829 0.251164 0.214662
0.225829 0.251164 0.214662
0.225829 0.251164 0.214662
0.225829 0.251164 0.214662
0.225829 0.251164 0.214662
0.225829 0.251164 0.214662
0.225829 0.251164 0.214662
0.225829 0.251164 0.214662
0.225829 0.251164 0.214662
0.225829 0.251164 0.214662
0.225829 0.251164 0.214662
0.225829 0.251164 0.214662
0.225829 0.251164 0.214662
0.225829 0.251164 0.214662
0.225829 0.251164 0.214662
0.225829 0.251164 0.214662
0.225829 0.251164 0.214662
0.225829 0.251164 0.214662
0.225829 0.251164 0.214662
0.225829 0.251164 0.214662
0.225829 0.251164 0.214662
0.225829 0.251164 0.214662
0.225829 0.251164 0.214662
0.225829 0.251164 0.214662
0.225829 0.251164 0.214662
0.225829 0.251164 0.214662
0.225829 0.251164 0.214662
0.225829 0.251164 0.214662
0.225829 0.251164 0.214662
0.225829 0.251164 0.214662
0.225829 0.251164 0.214662
0.225829 0.251164 0.214662
0.225829 0.251164 0.214662
0.225829 0.251164 0.214662
0.225829 0.251164 0.214662
0.225829 0.251164 0.214662
0.225829 0.251164 0.214662
0.225829 0.251164 0.214662
0.225829 0.251164 0.214662
0.225829 0.251164 0.214662
0.225829 0.251164 0.214662
0.225829 0.251164 0.214662
0.225829 0.251164 0.214662
0.225829 0.251164 0.214662
0.225829 0.251164 0.214662
0.225829 0.251164 0.214662
0.225829 0.251164 0.214662
0.225829 0.251164 0.214662
0.225829 0.251164 0.214662
0.225829 0.251164 0.214662
0.225829 0.251164 0.214662
0.225829 0.251164 0.214662
0.225829 0.251164 0.214662
0.225829 0.251164 0.214662
0.225829 0.251164 0.214662
0.225829 0.251164 0.214662
0.225829 0.251164 0.214662
0.225829 0.251164 0.214662
0.225829 0.251164 0.214662
0.225829 0.251164 0.214662
0.225829 0.251164 0.214662
0.225829 0.251164 0.214662
0.225829 0.251164 0.214662
0.225829 0.251164 0.214662
0.225829 0.251164 0.214662
0.225829 0.251164 0.214662
0.225829 0.251164 0.214662
0.225829 0.251164 0.214662
0.225829 0.251164 0.214662
0.225829 0.251164 0.214662
0.225829 0.251164 0.214662
0.225829 0.251164 0.214662
0.225829 0.251164 0.214662
0.225829 0.251164 0.214662
0.225829 0.251164 0.214662
0.225829 0.251164 0.214662
0.225829 0.251164 0.214662
0.225829 0.251164 0.214662
0.225829 0.251164 0.214662
0.225829 0.251164 0.214662
0.225829 0.251164 0.214662
0.225829 0.251164 0.214662
0.225829 0.251164 0.214662
0.225829 0.251164 0.214662
0.225829 0.251164 0.214662
0.225829 0.251164 0.214662
0.225829 0.251164 0.214662
0.225829 0.251164 0.214662
0.225829 0.251164 0.214662
0.225829 0.251164 0.214662
0.225829 0.251164 0.214662
0.225829 0.251164 0.214662
0.225829 0.251164 0.214662
0.225829 0.251164 0.214662
0.225829 0.251164 0.214662
0.225829 0.251164 0.214662
0.225829 0.251164 0.214662
0.225829 0.251164 0.214662
0.225829 0.251164 0.214662
0.225829 0.251164 0.214662
0.225829 0.251164 0.214662
0.225829 0.251164 0.214662
0.225829 0.251164 0.214662
0.225829 0.251164 0.214662
0.225829 0.251164 0.214662
0.225829 0.251164 0.214662
0.225829 0.251164 0.214662
0.225829 0.251164 0.214662
0.225829 0.251164 0.214662
0.225829 0.251164 0.214662
0.225829 0.251164 0.214662
0.225829 0.251164 0.214662
0.225829 0.251164 0.214662
0.225829 0.251164 0.214662
0.225829 0.251164 0.214662
0.225829 0.251164 0.214662
0.225829 0.251164 0.214662
0.225829 0.251164 0.214662
0.225829 0.251164 0.214662
0.225829 0.251164 0.214662
0.225829 0.251164 0.214662
0.225829 0.251164 0.214662
0.225829 0.251164 0.214662
0.225829 0.251164 0.214662
0.225829 0.251164 0.214662
0.225829 0.251164 0.214662
0.225829 0.251164 0.214662
0.225829 0.251164 0.214662
0.225829 0.251164 0.214662
0.225829 0.251164 0.214662
0.225829 0.251164 0.214662
0.225829 0.251164 0.214662
0.225829 0.251164 0.214662
0.225829 0.251164 0.214662
0.225829 0.251164 0.214662
0.225829 0.251164 0.214662
0.225829 0.251164 0.214662
0.225829 0.251164 0.214662
0.225829 0.251164 0.214662
0.225829 0.251164 0.214662
0.225829 0.251164 0.214662
0.225829 0.251164 0.214662
0.225829 0.251164 0.214662
0.225829 0.251164 0.214662
0.225829 0.251164 0.214662
0.225829 0.251164 0.214662
0.225829 0.251164 0.214662
0.225829 0.251164 0.214662
0.225829 0.251164 0.214662
0.225829 0.251164 0.214662
0.225829 0.251164 0.214662
0.225829 0.251164 0.214662
0.225829 0.251164 0.214662
0.225829 0.251164 0.214662
0.225829 0.251164 0.214662
0.225829 0.251164 0.214662
0.225829 0.251164 0.214662
0.225829 0.251164 0.214662
0.225829 0.251164 0.214662
0.225829 0.251164 0.214662
0.225829 0.251164 0.214662
0.225829 0.251164 0.214662
0.225829 0.251164 0.214662
0.225829 0.251164 0.214662
0.225829 0.251164 0.214662
0.225829 0.251164 0.214662
0.225829 0.251164 0.214662
0.225829 0.251164 0.214662
0.225829 0.251164 0.214662
0.225829 0.251164 0.214662
0.225829 0.251164 0.214662
0.225829 0.251164 0.214662
0.225829 0.251164 0.214662
0.225829 0.251164 0.214662
0.225829 0.251164 0.214662
0.225829 0.251164 0.214662
0.225829 0.251164 0.214662
0.225829 0.251164 0.214662
0.225829 0.251164 0.214662
0.225829 0.251164 0.214662
0.225829 0.251164 0.214662
0.225829 0.251164 0.214662
0.225829 0.251164 0.214662
0.225829 0.251164 0.214662
0.225829 0.251164 0.214662
0.225829 0.251164 0.214662
0.225829 0.251164 0.214662
0.225829 0.251164 0.214662
0.225829 0.251164 0.214662
0.225829 0.251164 0.214662
0.225829 0.251164 0.214662
0.225829 0.251164 0.214662
0.225829 0.251164 0.214662
0.225829 0.251164 0.214662
0.225829 0.251164 0.214662
0.225829 0.251164 0.214662
0.225829 0.251164 0.214662
0.225829 0.251164 0.214662
0.225829 0.251164 0.214662
0.225829 0.251164 0.214662
0.225829 0.251164 0.214662
0.225829 0.251164 0.214662
0.225829 0.251164 0.214662
0.225829 0.251164 0.214662
0.225829 0.251164 0.214662
0.225829 0.251164 0.214662
0.225829 0.251164 0.214662
0.225829 0.251164 0.214662
0.225829 0.251164 0.214662
0.225829 0.251164 0.214662
0.225829 0.251164 0.214662
0.225829 0.251164 0.214662
0.225829 0.251164 0.214662
0.225829 0.251164 0.214662
0.225829 0.251164 0.214662
0.225829 0.251164 0.214662
0.225829 0.251164 0.214662
0.225829 0.251164 0.214662
0.225829 0.251164 0.214662
0.225829 0.251164 0.214662
0.225829 0.251164 0.214662
0.225829 0.251164 0.214662
0.225829 0.251164 0.214662
0.225829 0.251164 0.214662
0.225829 0.251164 0.214662
0.225829 0.251164 0.214662
0.225829 0.251164 0.214662
0.225829 0.251164 0.214662
0.225829 0.251164 0.214662
0.225829 0.251164 0.214662
0.225829 0.251164 0.214662
0.225829 0.251164 0.214662
0.225829 0.251164 0.214662
0.225829 0.251164 0.214662
0.225829 0.251164 0.214662
0.225829 0.251164 0.214662
0.225829 0.251164 0.214662
0.225829 0.251164 0.214662
0.225829 0.251164 0.214662
0.225829 0.251164 0.214662
0.225829 0.251164 0.214662
0.225829 0.251164 0.214662
0.225829 0.251164 0.214662
0.225829 0.251164 0.214662
0.225829 0.251164 0.214662
0.225829 0.251164 0.214662
0.225829 0.251164 0.214662
0.225829 0.251164 0.214662
0.225829 0.251164 0.214662
0.225829 0.251164 0.214662
0.225829 0.251164 0.214662
0.225829 0.251164 0.214662
0.225829 0.251164 0.214662
0.225829 0.251164 0.214662
0.225829 0.251164 0.214662
0.225829 0.251164 0.214662
0.225829 0.251164 0.214662
0.225829 0.251164 0.214662
0.225829 0.251164 0.214662
0.225829 0.251164 0.214662
0.225829 0.251164 0.214662
0.225829 0.251164 0.214662
0.225829 0.251164 0.214662
0.225829 0.251164 0.214662
0.225829 0.251164 0.214662
0.225829 0.251164 0.214662
0.225829 0.251164 0.214662
0.225829 0.251164 0.214662
0.225829 0.251164 0.214662
0.225829 0.251164 0.214662
0.225829 0.251164 0.214662
0.225829 0.251164 0.214662
0.225829 0.251164 0.214662
0.225829 0.251164 0.214662
0.225829 0.251164 0.214662
0.225829 0.251164 0.214662
0.225829 0.251164 0.214662
0.225829 0.251164 0.214662
0.225829 0.251164 0.214662
0.225829 0.251164 0.214662
0.225829 0.251164 0.214662
0.225829 0.251164 0.214662
0.225829 0.251164 0.214662
0.225829 0.251164 0.214662
0.225829 0.251164 0.214662
0.225829 0.251164 0.214662
0.225829 0.251164 0.214662
0.225829 0.251164 0.214662
0.225829 0.251164 0.214662
0.225829 0.251164 0.214662
0.225829 0.251164 0.214662
0.225829 0.251164 0.214662
0.225829 0.251164 0.214662
0.225829 0.251164 0.214662
0.225829 0.251164 0.214662
0.225829 0.251164 0.214662
0.225829 0.251164 0.214662
0.225829 0.251164 0.214662
0.225829 0.251164 0.214662
0.225829 0.251164 0.214662
0.225829 0.251164 0.214662
0.225829 0.251164 0.214662
0.225829 0.251164 0.214662
0.225829 0.251164 0.214662
0.225829 0.251164 0.214662
0.225829 0.251164 0.214662
0.225829 0.251164 0.214662
0.225829 0.251164 0.214662
0.225829 0.251164 0.214662
0.225829 0.251164 0.214662
0.225829 0.251164 0.214662
0.225829 0.251164 0.214662
0.225829 0.251164 0.214662
0.225829 0.251164 0.214662
0.225829 0.251164 0.214662
0.225829 0.251164 0.214662
0.225829 0.251164 0.214662
0.225829 0.251164 0.214662
0.225829 0.251164 0.214662
0.225829 0.251164 0.214662
0.225829 0.251164 0.214662
0.225829 0.251164 0.214662
0.225829 0.251164 0.214662
0.225829 0.251164 0.214662
0.225829 0.251164 0.214662
0.225829 0.251164 0.214662
0.225829 0.251164 0.214662
0.225829 0.251164 0.214662
0.225829 0.251164 0.214662
0.225829 0.251164 0.214662
0.225829 0.251164 0.214662
0.225829 0.251164 0.214662
0.225829 0.251164 0.214662
0.225829 0.251164 0.214662
0.225829 0.251164 0.214662
0.225829 0.251164 0.214662
0.225829 0.251164 0.214662
0.225829 0.251164 0.214662
0.225829 0.251164 0.214662
0.225829 0.251164 0.214662
0.225829 0.251164 0.214662
0.225829 0.251164 0.214662
0.225829 0.251164 0.214662
0.225829 0.251164 0.214662
0.225829 0.251164 0.214662
0.225829 0.251164 0.214662
0.225829 0.251164 0.214662
0.225829 0.251164 0.214662
0.225829 0.251164 0.214662
0.225829 0.251164 0.214662
0.225829 0.251164 0.214662
0.225829 0.251164 0.214662
0.225829 0.251164 0.214662
0.225829 0.251164 0.214662
0.225829 0.251164 0.214662
0.225829 0.251164 0.214662
0.225829 0.251164 0.214662
0.225829 0.251164 0.214662
0.225829 0.251164 0.214662
0.225829 0.251164 0.214662
0.225829 0.251164 0.214662
0.225829 0.251164 0.214662
0.225829 0.251164 0.214662
0.225829 0.251164 0.214662
0.225829 0.251164 0.214662
0.225829 0.251164 0.214662
0.225829 0.251164 0.214662
0.225829 0.251164 0.214662
0.225829 0.251164 0.214662
0.225829 0.251164 0.214662
0.225829 0.251164 0.214662
0.225829 0.251164 0.214662
0.225829 0.251164 0.214662
0.225829 0.251164 0.214662
0.225829 0.251164 0.214662
0.225829 0.251164 0.214662
0.225829 0.251164 0.214662
0.225829 0.251164 0.214662
0.225829 0.251164 0.214662
0.225829 0.251164 0.214662
0.225829 0.251164 0.214662
0.225829 0.251164 0.214662
0.225829 0.251164 0.214662
0.225829 0.251164 0.214662
0.225829 0.251164 0.214662
0.225829 0.251164 0.214662
0.225829 0.251164 0.214662
0.225829 0.251164 0.214662
0.225829 0.251164 0.214662
0.225829 0.251164 0.214662
0.225829 0.251164 0.214662
0.225829 0.251164 0.214662
0.225829 0.251164 0.214662
0.225829 0.251164 0.214662
0.225829 0.251164 0.214662
0.225829 0.251164 0.214662
0.225829 0.251164 0.214662
0.225829 0.251164 0.214662
0.225829 0.251164 0.214662
0.225829 0.251164 0.214662
0.225829 0.251164 0.214662
0.225829 0.251164 0.214662
0.225829 0.251164 0.214662
0.225829 0.251164 0.214662
0.225829 0.251164 0.214662
0.225829 0.251164 0.214662
0.225829 0.251164 0.214662
0.225829 0.251164 0.214662
0.225829 0.251164 0.214662
0.225829 0.251164 0.214662
0.225829 0.251164 0.214662
0.225829 0.251164 0.214662
0.225829 0.251164 0.214662
0.225829 0.251164 0.214662
0.225829 0.251164 0.214662
0.225829 0.251164 0.214662
0.225829 0.251164 0.214662
0.225829 0.251164 0.214662
0.225829 0.251164 0.214662
0.225829 0.251164 0.214662
0.225829 0.251164 0.214662
0.225829 0.251164 0.214662
0.225829 0.251164 0.214662
0.225829 0.251164 0.214662
0.225829 0.251164 0.214662
0.225829 0.251164 0.214662
0.225829 0.251164 0.214662
0.225829 0.251164 0.214662
0.225829 0.251164 0.214662
0.225829 0.251164 0.214662
0.225829 0.251164 0.214662
0.225829 0.251164 0.214662
0.225829 0.251164 0.214662
0.225829 0.251164 0.214662
0.225829 0.251164 0.214662
0.225829 0.251164 0.214662
0.225829 0.251164 0.214662
0.225829 0.251164 0.214662
0.225829 0.251164 0.214662
0.225829 0.251164 0.214662
0.225829 0.251164 0.214662
0.225829 0.251164 0.214662
0.225829 0.251164 0.214662
0.225829 0.251164 0.214662
0.225829 0.251164 0.214662
0.225829 0.251164 0.214662
0.225829 0.251164 0.214662
0.225829 0.251164 0.214662
0.225829 0.251164 0.214662
0.225829 0.251164 0.214662
0.225829 0.251164 0.214662
0.225829 0.251164 0.214662
0.225829 0.251164 0.214662
0.225829 0.251164 0.214662
0.225829 0.251164 0.214662
0.225829 0.251164 0.214662
0.225829 0.251164 0.214662
0.225829 0.251164 0.214662
0.225829 0.251164 0.214662
0.225829 0.251164 0.214662
0.225829 0.251164 0.214662
0.225829 0.251164 0.214662
0.225829 0.251164 0.214662
0.225829 0.251164 0.214662
0.225829 0.251164 0.214662
0.225829 0.251164 0.214662
0.225829 0.251164 0.214662
0.225829 0.251164 0.214662
0.225829 0.251164 0.214662
0.225829 0.251164 0.214662
0.225829 0.251164 0.214662
0.225829 0.251164 0.214662
0.225829 0.251164 0.214662
0.225829 0.251164 0.214662
0.225829 0.251164 0.214662
0.225829 0.251164 0.214662
0.225829 0.251164 0.214662
0.225829 0.251164 0.214662
0.225829 0.251164 0.214662
0.225829 0.251164 0.214662
0.225829 0.251164 0.214662
0.225829 0.251164 0.214662
0.225829 0.251164 0.214662
0.225829 0.251164 0.214662
0.225829 0.251164 0.214662
0.225829 0.251164 0.214662
0.225829 0.251164 0.214662
0.225829 0.251164 0.214662
0.225829 0.251164 0.214662
0.225829 0.251164 0.214662
0.225829 0.251164 0.214662
0.225829 0.251164 0.214662
0.225829 0.251164 0.214662
0.225829 0.251164 0.214662
0.225829 0.251164 0.214662
0.225829 0.251164 0.214662
0.225829 0.251164 0.214662
0.225829 0.251164 0.214662
0.225829 0.251164 0.214662
0.225829 0.251164 0.214662
0.225829 0.251164 0.214662
0.225829 0.251164 0.214662
0.225829 0.251164 0.214662
0.225829 0.251164 0.214662
0.225829 0.251164 0.214662
0.225829 0.251164 0.214662
0.225829 0.251164 0.214662
0.225829 0.251164 0.214662
0.225829 0.251164 0.214662
0.225829 0.251164 0.214662
0.225829 0.251164 0.214662
0.225829 0.251164 0.214662
0.225829 0.251164 0.214662
0.225829 0.251164 0.214662
0.225829 0.251164 0.214662
0.225829 0.251164 0.214662
0.225829 0.251164 0.214662
0.225829 0.251164 0.214662
0.225829 0.251164 0.214662
0.225829 0.251164 0.214662
0.225829 0.251164 0.214662
0.225829 0.251164 0.214662
0.225829 0.251164 0.214662
0.225829 0.251164 0.214662
0.225829 0.251164 0.214662
0.225829 0.251164 0.214662
0.225829 0.251164 0.214662
0.225829 0.251164 0.214662
0.225829 0.251164 0.214662
0.225829 0.251164 0.214662
0.225829 0.251164 0.214662
0.225829 0.251164 0.214662
0.225829 0.251164 0.214662
0.225829 0.251164 0.214662
0.225829 0.251164 0.214662
0.225829 0.251164 0.214662
0.225829 0.251164 0.214662
0.225829 0.251164 0.214662
0.225829 0.251164 0.214662
0.225829 0.251164 0.214662
0.225829 0.251164 0.214662
0.225829 0.251164 0.214662
0.225829 0.251164 0.214662
0.225829 0.251164 0.214662
0.225829 0.251164 0.214662
0.225829 0.251164 0.214662
0.225829 0.251164 0.214662
0.225829 0.251164 0.214662
0.225829 0.251164 0.214662
0.225829 0.251164 0.214662
0.225829 0.251164 0.214662
0.225829 0.251164 0.214662
0.225829 0.251164 0.214662
0.225829 0.251164 0.214662
0.225829 0.251164 0.214662
0.225829 0.251164 0.214662
0.225829 0.251164 0.214662
0.225829 0.251164 0.214662
0.225829 0.251164 0.214662
0.225829 0.251164 0.214662
0.225829 0.251164 0.214662
0.225829 0.251164 0.214662
0.225829 0.251164 0.214662
0.225829 0.251164 0.214662
0.225829 0.251164 0.214662
0.225829 0.251164 0.214662
0.225829 0.251164 0.214662
0.225829 0.251164 0.214662
0.225829 0.251164 0.214662
0.225829 0.251164 0.214662
0.225829 0.251164 0.214662
0.225829 0.251164 0.214662
0.225829 0.251164 0.214662
0.225829 0.251164 0.214662
0.225829 0.251164 0.214662
0.225829 0.251164 0.214662
0.225829 0.251164 0.214662
0.225829 0.251164 0.214662
0.225829 0.251164 0.214662
0.225829 0.251164 0.214662
0.225829 0.251164 0.214662
0.225829 0.251164 0.214662
0.225829 0.251164 0.214662
0.225829 0.251164 0.214662
0.225829 0.251164 0.214662
0.225829 0.251164 0.214662
0.225829 0.251164 0.214662
0.225829 0.251164 0.214662
0.225829 0.251164 0.214662
0.225829 0.251164 0.214662
0.225829 0.251164 0.214662
0.225829 0.251164 0.214662
0.225829 0.251164 0.214662
0.225829 0.251164 0.214662
0.225829 0.251164 0.214662
0.225829 0.251164 0.214662
0.225829 0.251164 0.214662
0.225829 0.251164 0.214662
0.225829 0.251164 0.214662
0.225829 0.251164 0.214662
0.225829 0.251164 0.214662
0.225829 0.251164 0.214662
0.225829 0.251164 0.214662
0.225829 0.251164 0.214662
0.225829 0.251164 0.214662
0.225829 0.251164 0.214662
0.225829 0.251164 0.214662
0.225829 0.251164 0.214662
0.225829 0.251164 0.214662
0.225829 0.251164 0.214662
0.225829 0.251164 0.214662
0.225829 0.251164 0.214662
0.225829 0.251164 0.214662
0.225829 0.251164 0.214662
0.225829 0.251164 0.214662
0.225829 0.251164 0.214662
0.225829 0.251164 0.214662
0.225829 0.251164 0.214662
0.225829 0.251164 0.214662
0.225829 0.251164 0.214662
0.225829 0.251164 0.214662
0.225829 0.251164 0.214662
0.225829 0.251164 0.214662
0.225829 0.251164 0.214662
0.225829 0.251164 0.214662
0.225829 0.251164 0.214662
0.225829 0.251164 0.214662
0.225829 0.251164 0.214662
0.225829 0.251164 0.214662
0.225829 0.251164 0.214662
0.225829 0.251164 0.214662
0.225829 0.251164 0.214662
0.225829 0.251164 0.214662
0.225829 0.251164 0.214662
0.225829 0.251164 0.214662
0.225829 0.251164 0.214662
0.225829 0.251164 0.214662
0.225829 0.251164 0.214662
0.225829 0.251164 0.214662
0.225829 0.251164 0.214662
0.225829 0.251164 0.214662
0.225829 0.251164 0.214662
0.225829 0.251164 0.214662
0.225829 0.251164 0.214662
0.225829 0.251164 0.214662
0.225829 0.251164 0.214662
0.225829 0.251164 0.214662
0.225829 0.251164 0.214662
0.225829 0.251164 0.214662
0.225829 0.251164 0.214662
0.225829 0.251164 0.214662
0.225829 0.251164 0.214662
0.225829 0.251164 0.214662
0.225829 0.251164 0.214662
0.225829 0.251164 0.214662
0.225829 0.251164 0.214662
0.225829 0.251164 0.214662
0.225829 0.251164 0.214662
0.225829 0.251164 0.214662
0.225829 0.251164 0.214662
0.225829 0.251164 0.214662
0.225829 0.251164 0.214662
0.225829 0.251164 0.214662
0.225829 0.251164 0.214662
0.225829 0.251164 0.214662
0.225829 0.251164 0.214662
0.225829 0.251164 0.214662
0.225829 0.251164 0.214662
0.225829 0.251164 0.214662
0.225829 0.251164 0.214662
0.225829 0.251164 0.214662
0.225829 0.251164 0.214662
0.225829 0.251164 0.214662
0.225829 0.251164 0.214662
0.225829 0.251164 0.214662
0.225829 0.251164 0.214662
0.225829 0.251164 0.214662
0.225829 0.251164 0.214662
0.225829 0.251164 0.214662
0.225829 0.251164 0.214662
0.225829 0.251164 0.214662
0.225829 0.251164 0.214662
0.225829 0.251164 0.214662
0.225829 0.251164 0.214662
0.225829 0.251164 0.214662
0.225829 0.251164 0.214662
0.225829 0.251164 0.214662
0.225829 0.251164 0.214662
0.225829 0.251164 0.214662
0.225829 0.251164 0.214662
0.225829 0.251164 0.214662
0.225829 0.251164 0.214662
0.225829 0.251164 0.214662
0.225829 0.251164 0.214662
0.225829 0.251164 0.214662
0.225829 0.251164 0.214662
0.225829 0.251164 0.214662
0.225829 0.251164 0.214662
0.225829 0.251164 0.214662
0.225829 0.251164 0.214662
0.225829 0.251164 0.214662
0.225829 0.251164 0.214662
0.225829 0.251164 0.214662
0.225829 0.251164 0.214662
0.225829 0.251164 0.214662
0.225829 0.251164 0.214662
0.225829 0.251164 0.214662
0.225829 0.251164 0.214662
0.225829 0.251164 0.214662
0.225829 0.251164 0.214662
0.225829 0.251164 0.214662
0.225829 0.251164 0.214662
0.225829 0.251164 0.214662
0.225829 0.251164 0.214662
0.225829 0.251164 0.214662
0.225829 0.251164 0.214662
0.225829 0.251164 0.214662
0.225829 0.251164 0.214662
0.225829 0.251164 0.214662
0.225829 0.251164 0.214662
0.225829 0.251164 0.214662
0.225829 0.251164 0.214662
0.225829 0.251164 0.214662
0.225829 0.251164 0.214662
0.225829 0.251164 0.214662
0.225829 0.251164 0.214662
0.225829 0.251164 0.214662
0.225829 0.251164 0.214662
0.225829 0.251164 0.214662
0.225829 0.251164 0.214662
0.225829 0.251164 0.214662
0.225829 0.251164 0.214662
0.225829 0.251164 0.214662
0.225829 0.251164 0.214662
0.225829 0.251164 0.214662
0.225829 0.251164 0.214662
0.225829 0.251164 0.214662
0.225829 0.251164 0.214662
0.225829 0.251164 0.214662
0.225829 0.251164 0.214662
0.225829 0.251164 0.214662
0.225829 0.251164 0.214662
0.225829 0.251164 0.214662
0.225829 0.251164 0.214662
0.225829 0.251164 0.214662
0.225829 0.251164 0.214662
0.225829 0.251164 0.214662
0.225829 0.251164 0.214662
0.225829 0.251164 0.214662
0.225829 0.251164 0.214662
0.225829 0.251164 0.214662
0.225829 0.251164 0.214662
0.225829 0.251164 0.214662
0.225829 0.251164 0.214662
0.225829 0.251164 0.214662
0.225829 0.251164 0.214662
0.225829 0.251164 0.214662
0.225829 0.251164 0.214662
0.225829 0.251164 0.214662
0.225829 0.251164 0.214662
0.225829 0.251164 0.214662
0.225829 0.251164 0.214662
0.225829 0.251164 0.214662
0.225829 0.251164 0.214662
0.225829 0.251164 0.214662
0.225829 0.251164 0.214662
0.225829 0.251164 0.214662
0.225829 0.251164 0.214662
0.225829 0.251164 0.214662
0.225829 0.251164 0.214662
0.225829 0.251164 0.214662
0.225829 0.251164 0.214662
0.225829 0.251164 0.214662
0.225829 0.251164 0.214662
0.225829 0.251164 0.214662
0.225829 0.251164 0.214662
0.225829 0.251164 0.214662
0.225829 0.251164 0.214662
0.225829 0.251164 0.214662
0.225829 0.251164 0.214662
0.225829 0.251164 0.214662
0.225829 0.251164 0.214662
0.225829 0.251164 0.214662
0.225829 0.251164 0.214662
0.225829 0.251164 0.214662
0.225829 0.251164 0.214662
0.225829 0.251164 0.214662
0.225829 0.251164 0.214662
0.225829 0.251164 0.214662
0.225829 0.251164 0.214662
0.225829 0.251164 0.214662
0.225829 0.251164 0.214662
0.225829 0.251164 0.214662
0.225829 0.251164 0.214662
0.225829 0.251164 0.214662
0.225829 0.251164 0.214662
0.225829 0.251164 0.214662
0.225829 0.251164 0.214662
0.225829 0.251164 0.214662
0.225829 0.251164 0.214662
0.225829 0.251164 0.214662
0.225829 0.251164 0.214662
0.225829 0.251164 0.214662
0.225829 0.251164 0.214662
0.225829 0.251164 0.214662
0.225829 0.251164 0.214662
0.225829 0.251164 0.214662
0.225829 0.251164 0.214662
0.225829 0.251164 0.214662
0.225829 0.251164 0.214662
0.225829 0.251164 0.214662
0.225829 0.251164 0.214662
0.225829 0.251164 0.214662
0.225829 0.251164 0.214662
0.225829 0.251164 0.214662
0.225829 0.251164 0.214662
0.225829 0.251164 0.214662
0.225829 0.251164 0.214662
0.225829 0.251164 0.214662
0.225829 0.251164 0.214662
0.225829 0.251164 0.214662
0.225829 0.251164 0.214662
0.225829 0.251164 0.214662
0.225829 0.251164 0.214662
0.225829 0.251164 0.214662
0.225829 0.251164 0.214662
0.225829 0.251164 0.214662
0.225829 0.251164 0.214662
0.225829 0.251164 0.214662
0.225829 0.251164 0.214662
0.225829 0.251164 0.214662
0.225829 0.251164 0.214662
0.225829 0.251164 0.214662
0.225829 0.251164 0.214662
0.225829 0.251164 0.214662
0.225829 0.251164 0.214662
0.225829 0.251164 0.214662
0.225829 0.251164 0.214662
0.225829 0.251164 0.214662
0.225829 0.251164 0.214662
0.225829 0.251164 0.214662
0.225829 0.251164 0.214662
0.225829 0.251164 0.214662
0.225829 0.251164 0.214662
0.225829 0.251164 0.214662
0.225829 0.251164 0.214662
0.225829 0.251164 0.214662
0.225829 0.251164 0.214662
0.225829 0.251164 0.214662
0.225829 0.251164 0.214662
0.225829 0.251164 0.214662
0.225829 0.251164 0.214662
0.225829 0.251164 0.214662
0.225829 0.251164 0.214662
0.225829 0.251164 0.214662
0.225829 0.251164 0.214662
0.225829 0.251164 0.214662
0.225829 0.251164 0.214662
0.225829 0.251164 0.214662
0.225829 0.251164 0.214662
0.225829 0.251164 0.214662
0.225829 0.251164 0.214662
0.225829 0.251164 0.214662
0.225829 0.251164 0.214662
0.225829 0.251164 0.214662
0.225829 0.251164 0.214662
0.225829 0.251164 0.214662
0.225829 0.251164 0.214662
0.225829 0.251164 0.214662
0.225829 0.251164 0.214662
0.225829 0.251164 0.214662
0.225829 0.251164 0.214662
0.225829 0.251164 0.214662
0.225829 0.251164 0.214662
0.225829 0.251164 0.214662
0.225829 0.251164 0.214662
0.225829 0.251164 0.214662
0.225829 0.251164 0.214662
0.225829 0.251164 0.214662
0.225829 0.251164 0.214662
0.225829 0.251164 0.214662
0.225829 0.251164 0.214662
0.225829 0.251164 0.214662
0.225829 0.251164 0.214662
0.225829 0.251164 0.214662
0.225829 0.251164 0.214662
0.225829 0.251164 0.214662
0.225829 0.251164 0.214662
0.225829 0.251164 0.214662
0.225829 0.251164 0.214662
0.225829 0.251164 0.214662
0.225829 0.251164 0.214662
0.225829 0.251164 0.214662
0.225829 0.251164 0.214662
0.225829 0.251164 0.214662
0.225829 0.251164 0.214662
0.225829 0.251164 0.214662
0.225829 0.251164 0.214662
0.225829 0.251164 0.214662
0.225829 0.251164 0.214662
0.225829 0.251164 0.214662
0.225829 0.251164 0.214662
0.225829 0.251164 0.214662
0.225829 0.251164 0.214662
0.225829 0.251164 0.214662
0.225829 0.251164 0.214662
0.225829 0.251164 0.214662
0.225829 0.251164 0.214662
0.225829 0.251164 0.214662
0.225829 0.251164 0.214662
0.225829 0.251164 0.214662
0.225829 0.251164 0.214662
0.225829 0.251164 0.214662
0.225829 0.251164 0.214662
0.225829 0.251164 0.214662
0.225829 0.251164 0.214662
0.225829 0.251164 0.214662
0.225829 0.251164 0.214662
0.225829 0.251164 0.214662
0.225829 0.251164 0.214662
0.225829 0.251164 0.214662
0.225829 0.251164 0.214662
0.225829 0.251164 0.214662
0.225829 0.251164 0.214662
0.225829 0.251164 0.214662
0.225829 0.251164 0.214662
0.225829 0.251164 0.214662
0.225829 0.251164 0.214662
0.225829 0.251164 0.214662
0.225829 0.251164 0.214662
0.225829 0.251164 0.214662
0.225829 0.251164 0.214662
0.225829 0.251164 0.214662
0.225829 0.251164 0.214662
0.225829 0.251164 0.214662
0.225829 0.251164 0.214662
0.225829 0.251164 0.214662
0.225829 0.251164 0.214662
0.225829 0.251164 0.214662
0.225829 0.251164 0.214662
0.225829 0.251164 0.214662
0.225829 0.251164 0.214662
0.225829 0.251164 0.214662
0.225829 0.251164 0.214662
0.225829 0.251164 0.214662
0.225829 0.251164 0.214662
0.225829 0.251164 0.214662
0.225829 0.251164 0.214662
0.225829 0.251164 0.214662
0.225829 0.251164 0.214662
0.225829 0.251164 0.214662
0.225829 0.251164 0.214662
0.225829 0.251164 0.214662
0.225829 0.251164 0.214662
0.225829 0.251164 0.214662
0.225829 0.251164 0.214662
0.225829 0.251164 0.214662
0.225829 0.251164 0.214662
0.225829 0.251164 0.214662
0.225829 0.251164 0.214662
0.225829 0.251164 0.214662
0.225829 0.251164 0.214662
0.225829 0.251164 0.214662
0.225829 0.251164 0.214662
0.225829 0.251164 0.214662
0.225829 0.251164 0.214662
0.225829 0.251164 0.214662
0.225829 0.251164 0.214662
0.225829 0.251164 0.214662
0.225829 0.251164 0.214662
0.225829 0.251164 0.214662
0.225829 0.251164 0.214662
0.225829 0.251164 0.214662
0.225829 0.251164 0.214662
0.225829 0.251164 0.214662
0.225829 0.251164 0.214662
0.225829 0.251164 0.214662
0.225829 0.251164 0.214662
0.225829 0.251164 0.214662
0.225829 0.251164 0.214662
0.225829 0.251164 0.214662
0.225829 0.251164 0.214662
0.225829 0.251164 0.214662
0.225829 0.251164 0.214662
0.225829 0.251164 0.214662
0.225829 0.251164 0.214662
0.225829 0.251164 0.214662
0.225829 0.251164 0.214662
0.225829 0.251164 0.214662
0.225829 0.251164 0.214662
0.225829 0.251164 0.214662
0.225829 0.251164 0.214662
0.225829 0.251164 0.214662
0.225829 0.251164 0.214662
0.225829 0.251164 0.214662
0.225829 0.251164 0.214662
0.225829 0.251164 0.214662
0.225829 0.251164 0.214662
0.225829 0.251164 0.214662
0.225829 0.251164 0.214662
0.225829 0.251164 0.214662
0.225829 0.251164 0.214662
0.225829 0.251164 0.214662
0.225829 0.251164 0.214662
0.225829 0.251164 0.214662
0.225829 0.251164 0.214662
0.225829 0.251164 0.214662
0.225829 0.251164 0.214662
0.225829 0.251164 0.214662
0.225829 0.251164 0.214662
0.225829 0.251164 0.214662
0.225829 0.251164 0.214662
0.225829 0.251164 0.214662
0.225829 0.251164 0.214662
0.225829 0.251164 0.214662
0.225829 0.251164 0.214662
0.225829 0.251164 0.214662
0.225829 0.251164 0.214662
0.225829 0.251164 0.214662
0.225829 0.251164 0.214662
0.225829 0.251164 0.214662
0.225829 0.251164 0.214662
0.225829 0.251164 0.214662
0.225829 0.251164 0.214662
0.225829 0.251164 0.214662
0.225829 0.251164 0.214662
0.225829 0.251164 0.214662
0.225829 0.251164 0.214662
0.225829 0.251164 0.214662
0.225829 0.251164 0.214662
0.225829 0.251164 0.214662
0.225829 0.251164 0.214662
0.225829 0.251164 0.214662
0.225829 0.251164 0.214662
0.225829 0.251164 0.214662
0.225829 0.251164 0.214662
0.225829 0.251164 0.214662
0.225829 0.251164 0.214662
0.225829 0.251164 0.214662
0.225829 0.251164 0.214662
0.225829 0.251164 0.214662
0.225829 0.251164 0.214662
0.225829 0.251164 0.214662
0.225829 0.251164 0.214662
0.225829 0.251164 0.214662
0.225829 0.251164 0.214662
0.225829 0.251164 0.214662
0.225829 0.251164 0.214662
0.225829 0.251164 0.214662
0.225829 0.251164 0.214662
0.225829 0.251164 0.214662
0.225829 0.251164 0.214662
0.225829 0.251164 0.214662
0.225829 0.251164 0.214662
0.225829 0.251164 0.214662
0.225829 0.251164 0.214662
0.225829 0.251164 0.214662
0.225829 0.251164 0.214662
0.225829 0.251164 0.214662
0.225829 0.251164 0.214662
0.225829 0.251164 0.214662
0.225829 0.251164 0.214662
0.225829 0.251164 0.214662
0.225829 0.251164 0.214662
0.225829 0.251164 0.214662
0.225829 0.251164 0.214662
0.225829 0.251164 0.214662
0.225829 0.251164 0.214662
0.225829 0.251164 0.214662
0.225829 0.251164 0.214662
0.225829 0.251164 0.214662
0.225829 0.251164 0.214662
0.225829 0.251164 0.214662
0.225829 0.251164 0.214662
0.225829 0.251164 0.214662
0.225829 0.251164 0.214662
0.225829 0.251164 0.214662
0.225829 0.251164 0.214662
0.225829 0.251164 0.214662
0.225829 0.251164 0.214662
0.225829 0.251164 0.214662
0.225829 0.251164 0.214662
0.225829 0.251164 0.214662
0.225829 0.251164 0.214662
0.225829 0.251164 0.214662
0.225829 0.251164 0.214662
0.225829 0.251164 0.214662
0.225829 0.251164 0.214662
0.225829 0.251164 0.214662
0.225829 0.251164 0.214662
0.225829 0.251164 0.214662
0.225829 0.251164 0.214662
0.225829 0.251164 0.214662
0.225829 0.251164 0.214662
0.225829 0.251164 0.214662
0.225829 0.251164 0.214662
0.225829 0.251164 0.214662
0.225829 0.251164 0.214662
0.225829 0.251164 0.214662
0.225829 0.251164 0.214662
0.225829 0.251164 0.214662
0.225829 0.251164 0.214662
0.225829 0.251164 0.214662
0.225829 0.251164 0.214662
0.225829 0.251164 0.214662
0.225829 0.251164 0.214662
0.225829 0.251164 0.214662
0.225829 0.251164 0.214662
0.225829 0.251164 0.214662
0.225829 0.251164 0.214662
0.225829 0.251164 0.214662
0.225829 0.251164 0.214662
0.225829 0.251164 0.214662
0.225829 0.251164 0.214662
0.225829 0.251164 0.214662
0.225829 0.251164 0.214662
0.225829 0.251164 0.214662
0.225829 0.251164 0.214662
0.225829 0.251164 0.214662
0.225829 0.251164 0.214662
0.225829 0.251164 0.214662
0.225829 0.251164 0.214662
0.225829 0.251164 0.214662
0.225829 0.251164 0.214662
0.225829 0.251164 0.214662
0.225829 0.251164 0.214662
0.225829 0.251164 0.214662
0.225829 0.251164 0.214662
0.225829 0.251164 0.214662
0.225829 0.251164 0.214662
0.225829 0.251164 0.214662
0.225829 0.251164 0.214662
0.225829 0.251164 0.214662
0.225829 0.251164 0.214662
0.225829 0.251164 0.214662
0.225829 0.251164 0.214662
0.225829 0.251164 0.214662
0.225829 0.251164 0.214662
0.225829 0.251164 0.214662
0.225829 0.251164 0.214662
0.225829 0.251164 0.214662
0.225829 0.251164 0.214662
0.225829 0.251164 0.214662
0.225829 0.251164 0.214662
0.225829 0.251164 0.214662
0.225829 0.251164 0.214662
0.225829 0.251164 0.214662
0.225829 0.251164 0.214662
0.225829 0.251164 0.214662
0.225829 0.251164 0.214662
0.225829 0.251164 0.214662
0.225829 0.251164 0.214662
0.225829 0.251164 0.214662
0.225829 0.251164 0.214662
0.225829 0.251164 0.214662
0.225829 0.251164 0.214662
0.225829 0.251164 0.214662
0.225829 0.251164 0.214662
0.225829 0.251164 0.214662
0.225829 0.251164 0.214662
0.225829 0.251164 0.214662
0.225829 0.251164 0.214662
0.225829 0.251164 0.214662
0.225829 0.251164 0.214662
0.225829 0.251164 0.214662
0.225829 0.251164 0.214662
0.225829 0.251164 0.214662
0.225829 0.251164 0.214662
0.225829 0.251164 0.214662
0.225829 0.251164 0.214662
0.225829 0.251164 0.214662
0.225829 0.251164 0.214662
0.225829 0.251164 0.214662
0.225829 0.251164 0.214662
0.225829 0.251164 0.214662
0.225829 0.251164 0.214662
0.225829 0.251164 0.214662
0.225829 0.251164 0.214662
0.225829 0.251164 0.214662
0.225829 0.251164 0.214662
0.225829 0.251164 0.214662
0.225829 0.251164 0.214662
0.225829 0.251164 0.214662
0.225829 0.251164 0.214662
0.225829 0.251164 0.214662
0.225829 0.251164 0.214662
0.225829 0.251164 0.214662
0.225829 0.251164 0.214662
0.225829 0.251164 0.214662
0.225829 0.251164 0.214662
0.225829 0.251164 0.214662
0.225829 0.251164 0.214662
0.225829 0.251164 0.214662
0.225829 0.251164 0.214662
0.225829 0.251164 0.214662
0.225829 0.251164 0.214662
0.225829 0.251164 0.214662
0.225829 0.251164 0.214662
0.225829 0.251164 0.214662
0.225829 0.251164 0.214662
0.225829 0.251164 0.214662
0.225829 0.251164 0.214662
0.225829 0.251164 0.214662
0.225829 0.251164 0.214662
0.225829 0.251164 0.214662
0.225829 0.251164 0.214662
0.225829 0.251164 0.214662
0.225829 0.251164 0.214662
0.225829 0.251164 0.214662
0.225829 0.251164 0.214662
0.225829 0.251164 0.214662
0.225829 0.251164 0.214662
0.225829 0.251164 0.214662
0.225829 0.251164 0.214662
0.225829 0.251164 0.214662
0.225829 0.251164 0.214662
0.225829 0.251164 0.214662
0.225829 0.251164 0.214662
0.225829 0.251164 0.214662
0.225829 0.251164 0.214662
0.225829 0.251164 0.214662
0.225829 0.251164 0.214662
0.225829 0.251164 0.214662
0.225829 0.251164 0.214662
0.225829 0.251164 0.214662
0.225829 0.251164 0.214662
0.225829 0.251164 0.214662
0.225829 0.251164 0.214662
0.225829 0.251164 0.214662
0.225829 0.251164 0.214662
0.225829 0.251164 0.214662
0.225829 0.251164 0.214662
0.225829 0.251164 0.214662
0.225829 0.251164 0.214662
0.225829 0.251164 0.214662
0.225829 0.251164 0.214662
0.225829 0.251164 0.214662
0.225829 0.251164 0.214662
0.225829 0.251164 0.214662
0.225829 0.251164 0.214662
0.225829 0.251164 0.214662
0.225829 0.251164 0.214662
0.225829 0.251164 0.214662
0.225829 0.251164 0.214662
0.225829 0.251164 0.214662
0.225829 0.251164 0.214662
0.225829 0.251164 0.214662
0.225829 0.251164 0.214662
0.225829 0.251164 0.214662
0.225829 0.251164 0.214662
0.225829 0.251164 0.214662
0.225829 0.251164 0.214662
0.225829 0.251164 0.214662
0.225829 0.251164 0.214662
0.225829 0.251164 0.214662
0.225829 0.251164 0.214662
0.225829 0.251164 0.214662
0.225829 0.251164 0.214662
0.225829 0.251164 0.214662
0.225829 0.251164 0.214662
0.225829 0.251164 0.214662
0.225829 0.251164 0.214662
0.225829 0.251164 0.214662
0.225829 0.251164 0.214662
0.225829 0.251164 0.214662
0.225829 0.251164 0.214662
0.225829 0.251164 0.214662
0.225829 0.251164 0.214662
0.225829 0.251164 0.214662
0.225829 0.251164 0.214662
0.225829 0.251164 0.214662
0.225829 0.251164 0.214662
0.225829 0.251164 0.214662
0.225829 0.251164 0.214662
0.225829 0.251164 0.214662
0.225829 0.251164 0.214662
0.225829 0.251164 0.214662
0.225829 0.251164 0.214662
0.225829 0.251164 0.214662
0.225829 0.251164 0.214662
0.225829 0.251164 0.214662
0.225829 0.251164 0.214662
0.225829 0.251164 0.214662
0.225829 0.251164 0.214662
0.225829 0.251164 0.214662
0.225829 0.251164 0.214662
0.225829 0.251164 0.214662
0.225829 0.251164 0.214662
0.225829 0.251164 0.214662
0.225829 0.251164 0.214662
0.225829 0.251164 0.214662
0.225829 0.251164 0.214662
0.225829 0.251164 0.214662
0.225829 0.251164 0.214662
0.225829 0.251164 0.214662
0.225829 0.251164 0.214662
0.225829 0.251164 0.214662
0.225829 0.251164 0.214662
0.225829 0.251164 0.214662
0.225829 0.251164 0.214662
0.225829 0.251164 0.214662
0.225829 0.251164 0.214662
0.225829 0.251164 0.214662
0.225829 0.251164 0.214662
0.225829 0.251164 0.214662
0.225829 0.251164 0.214662
0.225829 0.251164 0.214662
0.225829 0.251164 0.214662
0.225829 0.251164 0.214662
0.225829 0.251164 0.214662
0.225829 0.251164 0.214662
0.225829 0.251164 0.214662
0.225829 0.251164 0.214662
0.225829 0.251164 0.214662
0.225829 0.251164 0.214662
0.225829 0.251164 0.214662
0.225829 0.251164 0.214662
0.225829 0.251164 0.214662
0.225829 0.251164 0.214662
0.225829 0.251164 0.214662
0.225829 0.251164 0.214662
0.225829 0.251164 0.214662
0.225829 0.251164 0.214662
0.225829 0.251164 0.214662
