128
-5.000000 0.400000 0.000000
-5.000000 3.733333 0.000000
-5.000000 7.066667 0.000000
-5.000000 10.400000 0.000000
-1.666667 0.400000 0.000000
-1.666667 3.733333 0.000000
-1.666667 7.066667 0.000000
-1.666667 10.400000 0.000000
1.666667 0.400000 0.000000
1.666667 3.733333 0.000000
1.666667 7.066667 0.000000
1.666667 10.400000 0.000000
5.000000 0.400000 0.000000
5.000000 3.733333 0.000000
5.000000 7.066667 0.000000
5.000000 10.400000 0.000000
-5.000000 0.400000 1.428571
-5.000000 3.733333 1.428571
-5.000000 7.066667 1.428571
-5.000000 10.400000 1.428571
-1.666667 0.400000 1.428571
-1.666667 3.733333 1.428571
-1.666667 7.066667 1.428571
-1.666667 10.400000 1.428571
1.666667 0.400000 1.428571
1.666667 3.733333 1.428571
1.666667 7.066667 1.428571
1.666667 10.400000 1.428571
5.000000 0.400000 1.428571
5.000000 3.733333 1.428571
5.000000 7.066667 1.428571
5.000000 10.400000 1.428571
-5.000000 0.400000 2.857143
-5.000000 3.733333 2.857143
-5.000000 7.066667 2.857143
-5.000000 10.400000 2.857143
-1.666667 0.400000 2.857143
-1.666667 3.733333 2.857143
-1.666667 7.066667 2.857143
-1.666667 10.400000 2.857143
1.666667 0.400000 2.857143
1.666667 3.733333 2.857143
1.666667 7.066667 2.857143
1.666667 10.400000 2.857143
5.000000 0.400000 2.857143
5.000000 3.733333 2.857143
5.000000 7.066667 2.857143
5.000000 10.400000 2.857143
-5.000000 0.400000 4.285714
-5.000000 3.733333 4.285714
-5.000000 7.066667 4.285714
-5.000000 10.400000 4.285714
-1.666667 0.400000 4.285714
-1.666667 3.733333 4.285714
-1.666667 7.066667 4.285714
-1.666667 10.400000 4.285714
1.666667 0.400000 4.285714
1.666667 3.733333 4.285714
1.666667 7.066667 4.285714
1.666667 10.400000 4.285714
5.000000 0.400000 4.285714
5.000000 3.733333 4.285714
5.000000 7.066667 4.285714
5.000000 10.400000 4.285714
-5.000000 0.400000 5.714286
-5.000000 3.733333 5.714286
-5.000000 7.066667 5.714286
-5.000000 10.400000 5.714286
-1.666667 0.400000 5.714286
-1.666667 3.733333 5.714286
-1.666667 7.066667 5.714286
-1.666667 10.400000 5.714286
1.666667 0.400000 5.714286
1.666667 3.733333 5.714286
1.666667 7.066667 5.714286
1.666667 10.400000 5.714286
5.000000 0.400000 5.714286
5.000000 3.733333 5.714286
5.000000 7.066667 5.714286
5.000000 10.400000 5.714286
-5.000000 0.400000 7.142857
-5.000000 3.733333 7.142857
-5.000000 7.066667 7.142857
-5.000000 10.400000 7.142857
-1.666667 0.400000 7.142857
-1.666667 3.733333 7.142857
-1.666667 7.066667 7.142857
-1.666667 10.400000 7.142857
1.666667 0.400000 7.142857
1.666667 3.733333 7.142857
1.666667 7.066667 7.142857
1.666667 10.400000 7.142857
5.000000 0.400000 7.142857
5.000000 3.733333 7.142857
5.000000 7.066667 7.142857
5.000000 10.400000 7.142857
-5.000000 0.400000 8.571429
-5.000000 3.733333 8.571429
-5.000000 7.066667 8.571429
-5.000000 10.400000 8.571429
-1.666667 0.400000 8.571429
-1.666667 3.733333 8.571429
-1.666667 7.066667 8.571429
-1.666667 10.400000 8.571429
1.666667 0.400000 8.571429
1.666667 3.733333 8.571429
1.666667 7.066667 8.571429
1.666667 10.400000 8.571429
5.000000 0.400000 8.571429
5.000000 3.733333 8.571429
5.000000 7.066667 8.571429
5.000000 10.400000 8.571429
-5.000000 0.400000 10.000000
-5.000000 3.733333 10.000000
-5.000000 7.066667 10.000000
-5.000000 10.400000 10.000000
-1.666667 0.400000 10.000000
-1.666667 3.733333 10.000000
-1.666667 7.066667 10.000000
-1.666667 10.400000 10.000000
1.666667 0.400000 10.000000
1.666667 3.733333 10.000000
1.666667 7.066667 10.000000
1.666667 10.400000 10.000000
5.000000 0.400000 10.000000
5.000000 3.733333 10.000000
5.000000 7.066667 10.000000
5.000000 10.400000 10.000000
